Date Local	NO2 Mean	NO2 AQI	NO2 1st Max Value	O3 Mean	O3 AQI	O3 1st Max Value	SO2 Mean	SO2 AQI	SO2 1st Max Value	CO Mean	CO AQI	CO 1st Max Value
2013-01-01	3.9083335	8.0	8.4	0.0246665	27.0	0.032	0.72708325	3.0	2.6	0.1877707499999999	2.0	0.207
2013-01-02	6.089582999999999	21.0	22.1	0.030042	30.0	0.035	0.55729175	0.0	0.8	0.18652075	2.0	0.226
2013-01-03	3.718182	8.0	8.9	0.028417	27.0	0.032	0.4829195	0.0	0.7	0.1683335	2.0	0.232
2013-01-04	7.233333	16.0	17.9	0.024875	28.0	0.033	0.3083335	0.0	0.4	0.2247084999999999	3.0	0.35
2013-01-05	5.3	9.0	10.0	0.0305	30.0	0.035	0.4041665	1.0	1.1	0.219604	3.0	0.3
2013-01-06	3.245833	5.0	5.2	0.031667	29.0	0.034	0.3562499999999999	0.0	0.4	0.1580415	2.0	0.2
2013-01-07	4.820833	7.0	7.5	0.026458	29.0	0.034	0.31875	0.0	0.4	0.1807289999999999	2.0	0.202
2013-01-08	6.729167	16.0	17.6	0.022792	25.0	0.029	0.2937499999999999	0.0	0.4	0.201479	2.0	0.289
2013-01-09	6.168182	10.0	11.1	0.020875	23.0	0.027	0.33323	1.0	1.0	0.1609785	2.0	0.239
2013-01-10	6.991667	8.0	9.2	0.018125	20.0	0.024	0.6125	1.0	1.8	0.2003539999999999	2.0	0.239
2013-01-11	4.416667	8.0	8.0	0.012458	23.0	0.027	0.1833334999999999	0.0	0.2	0.190625	2.0	0.227
2013-01-12	1.1875	1.0	1.9	0.033417	30.0	0.035	0.3520835	0.0	0.5	0.17475	2.0	0.2
2013-01-13	1.808333	5.0	5.2	0.027375	29.0	0.034	0.5520835000000001	0.0	0.9	0.179479	2.0	0.2
2013-01-14	2.966667	9.0	10.3	0.024	28.0	0.033	0.33125	0.0	0.4	0.184021	2.0	0.2
2013-01-15	4.3375	12.0	13.4	0.024271	26.0	0.031	0.521875	1.0	1.5	0.19365475	2.0	0.279
2013-01-16	3.717301	16.0	17.9	0.0283335	29.0	0.034	0.38618025	0.0	0.5	0.1645217499999999	2.0	0.304
2013-01-17	4.4329545	15.0	16.0	0.0194165	26.0	0.031	0.356431	0.0	0.5	0.1863512499999999	2.0	0.31
2013-01-18	6.166667	26.0	28.9	0.018625	25.0	0.029	0.3625	0.0	0.6	0.178906	3.0	0.529
2013-01-19	2.9270835	11.0	12.5	0.0282919999999999	30.0	0.035	0.38958325	0.0	0.8	0.1363957499999999	3.0	0.3
2013-01-20	1.4833335	5.0	5.2	0.032896	31.0	0.036	0.4260415000000001	1.0	1.1	0.16014575	2.0	0.2
2013-01-21	2.9083335	12.0	13.8	0.032729	31.0	0.037	0.6854167499999999	4.0	3.0	0.1803644999999999	2.0	0.255
2013-01-22	4.1166665	13.0	14.7	0.027125	30.0	0.035	0.4822917499999999	1.0	1.2	0.1897187499999999	2.0	0.293
2013-01-23	5.008786000000001	15.0	16.2	0.0282915	31.0	0.037	0.653125	1.0	1.4	0.19661475	3.0	0.366
2013-01-24	2.8445075	7.0	7.0	0.026042	27.0	0.032	0.961452	9.0	6.2	0.1802495	2.0	0.215
2013-01-25	3.6416665	10.0	11.8	0.024125	27.0	0.032	0.6156250000000001	1.0	1.1	0.18039575	2.0	0.302
2013-01-26	4.2625	11.0	12.4	0.018646	21.0	0.025	1.38125	7.0	5.9	0.191802	2.0	0.26
2013-01-27	4.947917	8.0	8.5	0.011604	18.0	0.021	0.725	1.0	1.8	0.1999165	2.0	0.27
2013-01-28	5.7450755	12.0	13.4	0.00875	10.0	0.012	0.5239585	4.0	3.7	0.222229	3.0	0.323
2013-01-29	3.263134	6.0	6.3	0.030042	31.0	0.037	0.48854175	1.0	1.4	0.18671875	2.0	0.222
2013-01-30	2.416395	6.0	6.8	0.026479	30.0	0.035	0.48475025	1.0	1.2	0.1824002499999999	2.0	0.2
2013-01-31	2.66875	5.0	5.7	0.02375	22.0	0.026	0.8333332499999999	1.0	1.5	0.1841039999999999	2.0	0.207
2013-02-01	5.890909000000001	20.0	21.1	0.018521	24.0	0.028	0.5105385	0.0	0.9	0.1952304999999999	2.0	0.44
2013-02-02	3.6833335	14.0	15.3	0.0280415	28.0	0.033	0.6125	1.0	1.3	0.17786475	2.0	0.252
2013-02-03	3.55625	21.0	22.6	0.029729	30.0	0.035	0.590625	1.0	1.7	0.184896	2.0	0.258
2013-02-04	2.894697	8.0	8.1	0.028479	29.0	0.034	0.3916665	0.0	0.5	0.1878229999999999	2.0	0.223
2013-02-05	4.5520835	17.0	18.3	0.027333	31.0	0.037	0.5112382499999999	1.0	1.0	0.1790665	2.0	0.328
2013-02-06	6.4175	22.0	23.6	0.019479	25.0	0.029	0.4827382499999999	1.0	1.2	0.20554175	3.0	0.478
2013-02-07	7.016667	12.0	13.7	0.028667	31.0	0.036	0.6708335	1.0	1.6	0.2013125	3.0	0.3
2013-02-08	3.495833	4.0	4.6	0.027667	30.0	0.035	0.4	0.0	0.4	0.1927499999999999	2.0	0.214
2013-02-09	4.9875	8.0	8.3	0.021375	20.0	0.024	0.49375	0.0	0.9	0.2032085	2.0	0.321
2013-02-10	4.354167	6.0	6.7	0.024458	26.0	0.031	0.4020835	0.0	0.5	0.2187294999999999	3.0	0.3
2013-02-11	4.316667	9.0	10.7	0.03275	30.0	0.035	0.4187499999999999	0.0	0.5	0.190979	2.0	0.315
2013-02-12	4.5763255	11.0	12.4	0.0299585	33.0	0.039	0.2791665	0.0	0.5	0.1922105	2.0	0.311
2013-02-13	7.1576085	24.0	25.6	0.02725	32.0	0.038	0.299476	0.0	0.5	0.2137272499999999	3.0	0.548
2013-02-14	3.1916665	14.0	15.4	0.035521	36.0	0.042	0.321875	0.0	0.6	0.18040625	2.0	0.351
2013-02-15	4.6	23.0	24.9	0.0317295	34.0	0.04	0.33229175	0.0	0.5	0.18942725	2.0	0.27
2013-02-16	4.54375	14.0	15.8	0.0276665	31.0	0.036	0.4	1.0	1.6	0.19248975	2.0	0.241
2013-02-17	4.9333335	7.0	7.9	0.0233125	25.0	0.03	0.9552085	3.0	2.9	0.1945312499999999	2.0	0.221
2013-02-18	2.3458335	4.0	4.7	0.0360625	33.0	0.039	0.33645825	0.0	0.5	0.1739479999999999	2.0	0.202
2013-02-19	1.8420455	4.0	4.7	0.0356875	33.0	0.039	0.409375	0.0	0.6	0.1803957499999999	2.0	0.212
2013-02-20	3.0196970000000003	8.0	9.0	0.0301875	30.0	0.035	0.452038	1.0	1.8	0.1839714999999999	2.0	0.246
2013-02-21	3.85625	11.0	12.2	0.0314375	31.0	0.037	0.4510417499999999	0.0	0.7	0.19027075	2.0	0.231
2013-02-22	4.65	17.0	18.3	0.0403125	42.0	0.049	0.4680122499999999	0.0	0.8	0.1988492499999999	2.0	0.282
2013-02-23	12.18125	41.0	43.6	0.038896	41.0	0.048	0.4291665	1.0	1.1	0.26485425	5.0	0.636
2013-02-24	6.24375	14.0	15.9	0.0445625	42.0	0.05	0.3624999999999999	0.0	0.5	0.20933325	3.0	0.3
2013-02-25	8.437311	30.0	32.7	0.043625	42.0	0.05	0.40104175	0.0	0.7	0.234854	5.0	0.601
2013-02-26	3.903895	6.0	6.0	0.0516875	47.0	0.055	0.3541665	0.0	0.5	0.1941344999999999	2.0	0.225
2013-02-27	3.5766305000000003	7.0	7.9	0.0469585	43.0	0.051	0.48033775	1.0	1.1	0.1928627499999999	2.0	0.261
2013-02-28	2.0333335	8.0	8.0	0.0396875	36.0	0.042	0.35416675	0.0	0.5	0.18788925	2.0	0.273
2013-03-01	2.236932	18.0	19.8	0.035854	37.0	0.044	0.5565217499999999	6.0	4.4	0.18829325	2.0	0.278
2013-03-02	7.8208335	34.0	36.6	0.0296665	36.0	0.042	0.5927085000000001	3.0	2.6	0.24558325	6.0	0.645
2013-03-03	3.0166665	7.0	7.1	0.0370625	38.0	0.045	1.07083325	7.0	5.4	0.1959792499999999	2.0	0.212
2013-03-04	4.5698055	32.0	34.8	0.0349789999999999	34.0	0.04	0.40141825	0.0	0.6	0.20591125	3.0	0.524
2013-03-05	1.8729165	5.0	5.7	0.0438125	40.0	0.047	0.35729175	0.0	0.5	0.18370825	2.0	0.245
2013-03-06	1.7988635	10.0	11.8	0.0398125	39.0	0.046	0.8552795	14.0	10.1	0.1819764999999999	2.0	0.208
2013-03-07	2.2875	6.0	6.1	0.038	36.0	0.043	0.8218749999999999	6.0	4.8	0.1851249999999999	2.0	0.203
2013-03-08	3.8083335	10.0	11.5	0.033771	32.0	0.038	0.68541675	1.0	1.9	0.2045624999999999	2.0	0.322
2013-03-09	4.5458335000000005	11.0	12.1	0.032271	44.0	0.052	0.409375	1.0	1.2	0.2260415	3.0	0.386
2013-03-10	1.4666665	2.0	2.8	0.0460415	44.0	0.052	0.33020825	0.0	0.6	0.1830105	2.0	0.2
2013-03-11	2.1	10.0	11.6	0.0391455	37.0	0.044	0.4031249999999999	0.0	0.6	0.17714575	2.0	0.243
2013-03-12	2.0354165	6.0	6.4	0.039729	41.0	0.048	0.43645825	1.0	1.1	0.1834477499999999	2.0	0.219
2013-03-13	5.241288	24.0	25.3	0.0332085	36.0	0.042	0.5574275	1.0	1.5	0.1996855	3.0	0.421
2013-03-14	8.0020835	31.0	33.8	0.0252915	32.0	0.038	0.50566125	1.0	1.3	0.2088097499999999	3.0	0.522
2013-03-15	4.9083335	11.0	12.5	0.0342915	36.0	0.043	0.35416675	0.0	0.5	0.1948125	3.0	0.309
2013-03-16	2.4333335	4.0	4.8	0.039167	37.0	0.044	0.3020832499999999	0.0	0.4	0.1817187499999999	2.0	0.2
2013-03-17	2.19375	3.0	3.8	0.036479	35.0	0.041	0.4229167499999999	1.0	1.9	0.170573	2.0	0.2
2013-03-18	2.63125	5.0	5.6	0.0384795	37.0	0.044	0.4385417499999999	0.0	0.8	0.18371875	2.0	0.317
2013-03-19	3.09375	9.0	10.6	0.0392295	38.0	0.045	0.4833335	0.0	0.7	0.1841657499999999	2.0	0.292
2013-03-20	2.625	9.0	10.1	0.0395415	39.0	0.046	0.52708325	0.0	0.7	0.180979	2.0	0.314
2013-03-21	3.380888	9.0	10.3	0.0366455	37.0	0.044	0.5058874999999999	1.0	1.2	0.18348	2.0	0.245
2013-03-22	5.0916665	12.0	13.0	0.0343335	37.0	0.044	0.92325325	6.0	4.5	0.1809999999999999	2.0	0.25
2013-03-23	3.7395835	7.0	7.2	0.0388125	41.0	0.048	0.390625	0.0	0.6	0.1840625	2.0	0.225
2013-03-24	3.0645835	5.0	5.9	0.0435625	42.0	0.049	0.4781249999999999	1.0	1.1	0.1846249999999999	2.0	0.212
2013-03-25	2.23125	7.0	7.1	0.0387915	36.0	0.043	0.35	0.0	0.4	0.170531	2.0	0.2
2013-03-26	4.195652	29.0	31.8	0.0363125	39.0	0.046	0.391563	1.0	1.6	0.1847165	3.0	0.738
2013-03-27	3.78125	8.0	9.1	0.0365205	42.0	0.049	0.784375	9.0	6.0	0.187448	2.0	0.25
2013-03-28	5.6505435	13.0	14.3	0.0356875	43.0	0.051	0.78304875	6.0	4.0	0.1931314999999999	2.0	0.3
2013-03-29	5.675	23.0	24.0	0.04475	54.0	0.061	0.6520835	1.0	1.7	0.21487475	3.0	0.701
2013-03-30	4.1270835	6.0	6.9	0.038	44.0	0.052	0.503125	1.0	1.2	0.1816769999999999	2.0	0.217
2013-03-31	3.0041665	4.0	4.6	0.0423749999999999	47.0	0.056	0.315625	0.0	0.5	0.17002075	2.0	0.2
2013-04-01	2.8875	8.0	9.1	0.0385	43.0	0.051	0.346875	0.0	0.5	0.17484375	2.0	0.22
2013-04-02	4.9270835	18.0	19.9	0.0386875	46.0	0.054	0.3927085	0.0	0.6	0.17475025	2.0	0.336
2013-04-03	3.950189	6.0	6.9	0.0419584999999999	45.0	0.053	0.567443	1.0	1.6	0.17823375	2.0	0.227
2013-04-04	4.0054925	20.0	21.7	0.0412919999999999	46.0	0.054	0.4822917499999999	1.0	1.5	0.1829765	2.0	0.388
2013-04-05	3.9916665	7.0	7.5	0.0381875	41.0	0.048	0.68632325	3.0	2.7	0.1758019999999999	2.0	0.217
2013-04-06	3.8895835	7.0	7.3	0.0318125	37.0	0.044	0.36354175	0.0	0.7	0.1730104999999999	2.0	0.203
2013-04-07	4.575	7.0	7.5	0.0242915	32.0	0.038	0.365625	0.0	0.7	0.1831559999999999	2.0	0.239
2013-04-08	5.5895835	17.0	18.0	0.0244375	36.0	0.043	0.34166675	1.0	1.3	0.1848957499999999	2.0	0.275
2013-04-09	2.973465	4.0	4.3	0.0315705	35.0	0.041	0.2977632499999999	0.0	0.5	0.1701299999999999	2.0	0.2
2013-04-10	4.387267	8.0	9.0	0.0429304999999999	42.0	0.049	0.3214284999999999	1.0	1.0	0.18947825	2.0	0.29
2013-04-11	4.7	13.0	14.4	0.046646	47.0	0.055	0.2979165	0.0	0.5	0.1880519999999999	2.0	0.261
2013-04-12	3.3055250000000003	9.0	10.3	0.0455	42.0	0.05	0.32049675	0.0	0.7	0.16475875	2.0	0.2
2013-04-13	3.020833	12.0	13.8	0.0421875	43.0	0.051	0.3156249999999999	0.0	0.5	0.16972925	2.0	0.204
2013-04-14	3.3354165	18.0	19.2	0.0338544999999999	36.0	0.042	0.28854175	0.0	0.5	0.18203125	2.0	0.412
2013-04-15	2.7329545	7.0	7.4	0.0407084999999999	40.0	0.047	0.3097825	1.0	1.1	0.156231	2.0	0.2
2013-04-16	2.689583	10.0	11.2	0.0425625	45.0	0.053	0.3583334999999999	0.0	0.7	0.1629582499999999	2.0	0.259
2013-04-17	3.1712860000000003	6.0	6.7	0.032375	31.0	0.037	0.3247994999999999	0.0	0.7	0.1620625	2.0	0.2
2013-04-18	2.6354165000000003	7.0	7.1	0.0438955	41.0	0.048	0.30104175	0.0	0.5	0.1647292499999999	2.0	0.2
2013-04-19	2.0812500000000003	7.0	7.1	0.0436875	43.0	0.051	0.36354175	0.0	0.8	0.1461667499999999	2.0	0.2
2013-04-20	3.4229165	20.0	21.4	0.038229	40.0	0.047	0.359375	0.0	0.6	0.1754792499999999	2.0	0.343
2013-04-21	2.1895835	7.0	7.9	0.032771	34.0	0.04	0.39270825	0.0	0.9	0.16303125	2.0	0.204
2013-04-22	1.98125	4.0	4.6	0.0410834999999999	39.0	0.046	0.31458325	0.0	0.6	0.1491875	2.0	0.2
2013-04-23	3.10625	21.0	22.4	0.0461045	47.0	0.055	0.3708334999999999	0.0	0.9	0.1853747499999999	2.0	0.299
2013-04-24	4.0375	13.0	14.1	0.0406875	42.0	0.049	0.328125	0.0	0.5	0.18224975	2.0	0.275
2013-04-25	4.461866	29.0	31.4	0.041104	46.0	0.054	0.3715367499999999	0.0	0.7	0.1813017499999999	3.0	0.512
2013-04-26	4.88904	27.0	29.8	0.0374375	46.0	0.054	0.3809264999999999	0.0	0.8	0.1822825	3.0	0.581
2013-04-27	5.55	24.0	25.6	0.0383545	49.0	0.058	0.52916675	1.0	1.4	0.2126352499999999	5.0	0.5
2013-04-28	3.0770835	7.0	7.1	0.0388125	45.0	0.053	0.4302085	1.0	1.0	0.1775625	2.0	0.258
2013-04-29	3.441667	8.0	8.1	0.0413749999999999	47.0	0.055	0.51979175	1.0	1.4	0.14647925	2.0	0.2
2013-04-30	2.875	6.0	6.0	0.0411249999999999	42.0	0.05	0.3989582499999999	1.0	1.0	0.1497187499999999	2.0	0.2
2013-05-01	1.7028409999999998	5.0	5.9	0.0300835	29.0	0.034	0.3245017499999999	1.0	1.0	0.1483794999999999	2.0	0.202
2013-05-02	1.7333335	6.0	6.7	0.0360415	38.0	0.045	0.33854175	1.0	1.2	0.15952075	2.0	0.2
2013-05-03	2.0384965	6.0	6.3	0.033042	36.0	0.042	0.335889	0.0	0.6	0.1648175	2.0	0.225
2013-05-04	1.7041665	2.0	2.8	0.020104	27.0	0.032	0.30729175	0.0	0.5	0.1618959999999999	2.0	0.2
2013-05-05	2.1854165	6.0	6.6	0.0157295	17.0	0.02	0.3	0.0	0.4	0.185698	2.0	0.225
2013-05-06	4.350379	14.0	15.8	0.026583	32.0	0.038	0.3391822499999999	1.0	1.7	0.17771675	2.0	0.292
2013-05-07	6.875379000000001	18.0	19.3	0.034604	48.0	0.057	0.4415372499999999	1.0	1.1	0.1967952499999999	5.0	0.472
2013-05-08	4.5854165	9.0	10.0	0.036979	36.0	0.043	0.3583335	0.0	0.7	0.179375	2.0	0.247
2013-05-09	3.1416665000000004	5.0	5.6	0.036875	42.0	0.049	0.2552082499999999	0.0	0.5	0.1535312499999999	2.0	0.2
2013-05-10	4.925098500000001	13.0	14.0	0.0390415	49.0	0.058	0.3000907499999999	0.0	0.7	0.15214	2.0	0.238
2013-05-11	3.2395835	8.0	9.9	0.0366665	42.0	0.05	0.35520825	1.0	1.3	0.1275207499999999	2.0	0.219
2013-05-12	5.7083335	20.0	21.8	0.0411875	49.0	0.058	0.415625	3.0	2.7	0.15871875	2.0	0.319
2013-05-13	7.61875	22.0	23.0	0.036958	48.0	0.057	0.671875	1.0	1.5	0.1474895	2.0	0.252
2013-05-14	7.356249999999999	14.0	15.6	0.039271	48.0	0.057	0.49895825	0.0	0.9	0.1493125	2.0	0.235
2013-05-15	5.0270835	15.0	16.8	0.0402919999999999	71.0	0.066	0.390625	0.0	0.9	0.1439999999999999	2.0	0.258
2013-05-16	8.473098	27.0	29.0	0.038521	48.0	0.057	0.62344725	4.0	3.8	0.1750417499999999	3.0	0.396
2013-05-17	5.4333335	11.0	12.3	0.0400415	74.0	0.067	0.53229175	1.0	1.4	0.1547187499999999	2.0	0.216
2013-05-18	6.3854165	11.0	12.7	0.0416875	54.0	0.061	0.5822915	1.0	1.4	0.17280225	2.0	0.245
2013-05-19	3.7208335	7.0	7.6	0.0444585	71.0	0.066	0.29791675	0.0	0.6	0.1467187499999999	2.0	0.2
2013-05-20	3.5445649999999995	5.0	5.9	0.0302295	35.0	0.041	0.25625	0.0	0.6	0.1520207499999999	2.0	0.212
2013-05-21	3.595833	8.0	8.8	0.0264375	29.0	0.034	0.2552082499999999	0.0	0.5	0.1416144999999999	2.0	0.219
2013-05-22	2.2583335	4.0	4.2	0.0248125	33.0	0.039	0.24583325	0.0	0.4	0.1336619999999999	2.0	0.2
2013-05-23	3.256629	9.0	10.6	0.0373955	42.0	0.05	0.275257	0.0	0.5	0.1262814999999999	2.0	0.209
2013-05-24	4.2541665	11.0	12.8	0.038479	42.0	0.049	0.60416675	1.0	1.7	0.1332812499999999	2.0	0.23
2013-05-25	3.058333	4.0	4.6	0.0339374999999999	37.0	0.044	0.346875	0.0	0.6	0.1428855	2.0	0.2
2013-05-26	2.152083	3.0	3.8	0.032125	33.0	0.039	0.25	0.0	0.4	0.16013525	2.0	0.2
2013-05-27	2.1375	8.0	8.6	0.0360415	37.0	0.044	0.24583325	0.0	0.4	0.182604	2.0	0.337
2013-05-28	3.4638585	9.0	10.5	0.0340625	41.0	0.048	0.2533144999999999	0.0	0.5	0.1797602499999999	2.0	0.275
2013-05-29	3.4829545	6.0	6.6	0.0375625	42.0	0.05	0.3906249999999999	0.0	0.6	0.1450729999999999	2.0	0.2
2013-05-30	2.4033515000000003	4.0	4.4	0.0484165	51.0	0.06	0.2673394999999999	0.0	0.5	0.1214602499999999	2.0	0.2
2013-05-31	2.2708335	4.0	4.8	0.0330835	35.0	0.041	0.24583325	0.0	0.4	0.1185325	2.0	0.2
2013-06-01	1.522917	6.0	6.1	0.0234165	33.0	0.039	0.2375	0.0	0.4	0.11278125	1.0	0.145
2013-06-02	2.7645835	13.0	14.0	0.0414795	48.0	0.057	0.25	0.0	0.6	0.11842725	2.0	0.299
2013-06-03	3.6270835	9.0	10.7	0.0404584999999999	47.0	0.055	0.4576705	1.0	1.9	0.1242084999999999	2.0	0.204
2013-06-04	3.412138	10.0	11.3	0.030229	34.0	0.04	0.29166675	0.0	0.5	0.1395925	2.0	0.2
2013-06-05	3.9382575	10.0	11.3	0.0329165	36.0	0.042	0.23333325	0.0	0.5	0.11830875	2.0	0.2
2013-06-06	3.7291665	9.0	10.3	0.0307085	38.0	0.045	0.22708325	0.0	0.4	0.1413229999999999	2.0	0.262
2013-06-07	6.225	16.0	17.9	0.0400625	50.0	0.059	0.284375	0.0	0.7	0.1603332499999999	3.0	0.422
2013-06-08	2.8270835	5.0	5.0	0.0404579999999999	44.0	0.052	0.38541675	1.0	1.6	0.12597925	2.0	0.2
2013-06-09	1.7625	6.0	6.5	0.039729	39.0	0.046	0.1874999999999999	0.0	0.4	0.138948	2.0	0.2
2013-06-10	3.8	17.0	18.5	0.037646	44.0	0.052	0.45208325	3.0	2.6	0.1818434999999999	2.0	0.374
2013-06-11	3.0727275	6.0	6.5	0.0416669999999999	48.0	0.057	0.3251617499999999	0.0	0.7	0.1463314999999999	2.0	0.2
2013-06-12	3.5166665	6.0	6.8	0.03525	39.0	0.046	0.2833335	0.0	0.9	0.1294792499999999	2.0	0.216
2013-06-13	3.7333335	12.0	13.5	0.031667	38.0	0.045	0.3937499999999999	1.0	1.4	0.133406	2.0	0.2
2013-06-14	3.5333335000000003	10.0	11.2	0.040021	47.0	0.055	0.459556	3.0	2.1	0.13835875	2.0	0.2
2013-06-15	5.420833	19.0	20.4	0.0355625	47.0	0.055	0.40416675	1.0	1.7	0.1442709999999999	3.0	0.415
2013-06-16	7.4895835	19.0	20.2	0.0345624999999999	46.0	0.054	0.29270825	0.0	0.8	0.1507707499999999	3.0	0.3
2013-06-17	5.7729165	20.0	21.4	0.031583	38.0	0.045	0.3208332499999999	0.0	0.7	0.1281312499999999	2.0	0.2
2013-06-18	6.3604165	19.0	20.0	0.036625	49.0	0.058	0.3062499999999999	0.0	0.5	0.1387497499999999	2.0	0.267
2013-06-19	4.6799245	16.0	17.9	0.049542	80.0	0.069	0.8061272500000001	3.0	2.9	0.14103125	2.0	0.2
2013-06-20	3.3732955	5.0	5.6	0.04475	54.0	0.061	0.495691	1.0	1.2	0.1604897499999999	2.0	0.2
2013-06-21	3.725	8.0	9.0	0.0404164999999999	45.0	0.053	0.26666675	0.0	0.7	0.1509374999999999	2.0	0.226
2013-06-22	2.435417	4.0	4.7	0.039729	42.0	0.05	0.2427082499999999	0.0	0.4	0.1275107499999999	2.0	0.2
2013-06-23	4.525	26.0	28.5	0.039021	51.0	0.06	0.2333335	0.0	0.5	0.12248975	2.0	0.529
2013-06-24	5.964962	19.0	20.1	0.031125	41.0	0.048	0.28224	0.0	0.6	0.14833375	3.0	0.392
2013-06-25	4.4125	11.0	12.7	0.034521	49.0	0.058	0.3302085	1.0	1.4	0.12265625	2.0	0.2
2013-06-26	5.8875	27.0	29.7	0.0338125	43.0	0.051	0.3208335	0.0	0.8	0.1288645	3.0	0.679
2013-06-27	5.917262	15.0	16.2	0.032021	42.0	0.049	0.2992622499999999	0.0	0.8	0.13365225	3.0	0.3
2013-06-28	4.060417	8.0	9.4	0.034375	39.0	0.046	0.45208325	3.0	2.6	0.10646875	1.0	0.148
2013-06-29	3.370833	11.0	12.3	0.032667	39.0	0.046	0.3020835	0.0	0.6	0.1419585	2.0	0.38
2013-06-30	3.7583335	11.0	12.9	0.0332085	44.0	0.052	0.38125	1.0	1.0	0.1971355	3.0	0.311
2013-07-01	5.316214	14.0	15.2	0.0306455	38.0	0.045	0.334375	0.0	0.8	0.2098484999999999	3.0	0.3
2013-07-02	6.325947	16.0	17.4	0.033875	47.0	0.055	0.3701409999999999	0.0	0.8	0.225947	3.0	0.7
2013-07-03	5.772917	18.0	19.3	0.0418749999999999	64.0	0.064	0.3872345	1.0	1.3	0.23854175	5.0	0.5
2013-07-04	3.2125000000000004	5.0	5.6	0.0451165	61.0	0.063	0.43229175	1.0	1.2	0.19895825	2.0	0.2
2013-07-05	2.879167	4.0	4.8	0.050167	58.0	0.062	0.2895835	0.0	0.5	0.2	2.0	0.2
2013-07-06	2.8625	4.0	4.4	0.050917	61.0	0.063	0.2708335	0.0	0.6	0.2	2.0	0.2
2013-07-07	3.797917	8.0	8.5	0.0348125	50.0	0.059	0.3989582499999999	1.0	1.2	0.1999999999999999	2.0	0.3
2013-07-08	5.2395835	10.0	11.9	0.040792	64.0	0.064	0.2697915	0.0	0.7	0.1927084999999999	3.0	0.5
2013-07-09	4.0145835000000005	8.0	9.0	0.044354	54.0	0.061	0.265625	1.0	1.2	0.14687525	2.0	0.2
2013-07-10	4.0375	8.0	9.4	0.0378125	49.0	0.058	0.3395832499999999	0.0	0.8	0.1718749999999999	2.0	0.3
2013-07-11	3.77178	8.0	9.2	0.042271	51.0	0.06	0.65630825	4.0	3.2	0.197826	2.0	0.2
2013-07-12	3.5362315000000004	6.0	6.3	0.0519585	67.0	0.065	0.5002395	1.0	1.5	0.2	2.0	0.2
2013-07-13	3.5145835	7.0	7.5	0.0502915	80.0	0.069	0.3229165	1.0	1.0	0.2020834999999999	2.0	0.3
2013-07-14	3.54375	8.0	8.6	0.0367295	45.0	0.053	0.4374999999999999	3.0	2.2	0.2	2.0	0.2
2013-07-15	3.497826	9.0	10.2	0.0384619999999999	48.0	0.057	0.41590975	1.0	1.5	0.2010417499999999	2.0	0.3
2013-07-16	3.455655	6.0	6.9	0.0425205	61.0	0.063	0.25	0.0	0.4	0.1485055	2.0	0.2
2013-07-17	3.5583335	8.0	8.2	0.042479	58.0	0.062	0.25	0.0	0.4	0.13750025	2.0	0.2
2013-07-18	2.8729165	6.0	6.6	0.042146	47.0	0.055	0.24583325	0.0	0.4	0.103125	1.0	0.2
2013-07-19	3.7645835	18.0	19.2	0.0349374999999999	43.0	0.051	0.2989582499999998	0.0	0.6	0.12291675	3.0	0.4
2013-07-20	5.1541665000000005	21.0	22.9	0.035521	46.0	0.054	0.2999999999999999	0.0	0.8	0.1583332499999999	5.0	0.5
2013-07-21	2.5562500000000004	7.0	7.4	0.0418125	51.0	0.06	0.265625	0.0	0.5	0.11041675	2.0	0.2
2013-07-22	2.7229165	8.0	8.1	0.0307085	37.0	0.044	0.2593749999999999	0.0	0.6	0.10208325	1.0	0.2
2013-07-23	2.44375	9.0	10.9	0.0251045	31.0	0.037	0.26145825	0.0	0.8	0.115625	2.0	0.2
2013-07-24	4.0198865	13.0	14.9	0.0271059999999999	38.0	0.045	0.2605112499999999	0.0	0.5	0.1333335	2.0	0.3
2013-07-25	3.625	8.0	8.2	0.027875	37.0	0.044	0.0916665	0.0	0.1	0.1104165	1.0	0.2
2013-07-26	1.225	3.0	3.1	0.019208	21.0	0.025	0.1	0.0	0.1	0.1	1.0	0.1
2013-07-27	1.129167	3.0	3.0	0.020167	27.0	0.032	0.1104165	0.0	0.2	0.1020835	1.0	0.2
2013-07-28	1.3	2.0	2.6	0.022792	31.0	0.036	0.0916665	0.0	0.1	0.1	1.0	0.1
2013-07-29	2.841667	6.0	6.0	0.01875	23.0	0.027	0.3041665	1.0	1.9	0.1	1.0	0.1
2013-07-30	2.8291665000000004	8.0	9.9	0.0268335	36.0	0.043	0.24583325	0.0	0.4	0.13333325	2.0	0.2
2013-07-31	4.4492425	18.0	19.9	0.0296875	43.0	0.051	0.2726254999999999	0.0	0.7	0.1595645	3.0	0.3
2013-08-01	4.30322	12.0	13.2	0.03075	45.0	0.053	0.22755675	0.0	0.5	0.17862325	2.0	0.4
2013-08-02	4.4875	20.0	21.4	0.0189165	25.0	0.03	0.2197917499999999	0.0	0.5	0.14166675	2.0	0.5
2013-08-03	3.65625	12.0	13.9	0.022646	33.0	0.039	0.2458335	0.0	0.5	0.1291665	3.0	0.3
2013-08-04	2.8354165	8.0	8.5	0.0284165	39.0	0.046	0.27291675	0.0	0.4	0.14166675	3.0	0.6
2013-08-05	3.4604165	16.0	17.1	0.0285835	42.0	0.049	0.19166675	0.0	0.6	0.12604175	2.0	0.3
2013-08-06	4.1625	15.0	16.5	0.03275	42.0	0.05	0.21666675	0.0	0.8	0.140625	2.0	0.3
2013-08-07	2.7434785	9.0	10.3	0.0279585	37.0	0.044	0.2302794999999999	0.0	0.8	0.11960225	2.0	0.2
2013-08-08	4.0609845	8.0	9.3	0.023729	34.0	0.04	0.2615424999999999	1.0	1.1	0.1328805	2.0	0.2
2013-08-09	4.352083	11.0	12.6	0.026646	39.0	0.046	0.3531249999999999	3.0	2.0	0.18750025	5.0	1.1
2013-08-10	3.4583335	7.0	7.2	0.027167	39.0	0.046	0.2593749999999999	0.0	0.5	0.1895835	2.0	0.2
2013-08-11	3.145833	11.0	12.2	0.027104	36.0	0.043	0.20208325	0.0	0.5	0.16875	3.0	0.4
2013-08-12	3.89375	9.0	10.5	0.0224165	34.0	0.04	0.265625	0.0	0.6	0.153125	3.0	0.3
2013-08-13	4.5950755	12.0	13.3	0.025375	35.0	0.041	0.27301125	0.0	0.5	0.1896284999999999	3.0	0.3
2013-08-14	4.475	8.0	9.3	0.0254165	36.0	0.042	0.3488094999999999	1.0	1.3	0.18262525	2.0	0.3
2013-08-15	3.5247285	6.0	6.8	0.0282085	31.0	0.036	0.3114584999999999	3.0	2.0	0.17341475	2.0	0.2
2013-08-16	5.147917	9.0	10.5	0.0291875	35.0	0.041	0.48125	1.0	1.6	0.1562499999999999	2.0	0.2
2013-08-17	4.2729165	8.0	8.2	0.0365835	45.0	0.053	0.35104175	0.0	0.9	0.171875	2.0	0.2
2013-08-18	3.775	7.0	7.6	0.0397085	46.0	0.054	0.2989585	0.0	0.8	0.15729175	2.0	0.2
2013-08-19	4.1291665	6.0	6.9	0.040729	47.0	0.056	0.25104175	0.0	0.5	0.1885415	2.0	0.2
2013-08-20	3.809659	8.0	9.0	0.037625	43.0	0.051	0.225	0.0	0.4	0.2020832499999999	2.0	0.3
2013-08-21	4.5958335	12.0	13.4	0.0343124999999999	36.0	0.043	0.221875	0.0	0.4	0.21458325	3.0	0.4
2013-08-22	3.358712	17.0	18.1	0.0333959999999999	39.0	0.046	0.22291675	0.0	0.4	0.17291675	2.0	0.3
2013-08-23	3.6395835	8.0	9.9	0.039104	44.0	0.052	0.2072917499999998	0.0	0.4	0.1923295	2.0	0.2
2013-08-24	2.1854165	5.0	5.4	0.039875	44.0	0.052	0.1770835	0.0	0.4	0.1875	2.0	0.2
2013-08-25	2.0208335	3.0	3.9	0.0400625	42.0	0.05	0.15416675	0.0	0.3	0.18020825	2.0	0.2
2013-08-26	2.6291665	6.0	6.8	0.0405414999999999	43.0	0.051	0.1604165	0.0	0.4	0.1937499999999999	2.0	0.2
2013-08-27	4.0166665	12.0	13.6	0.034667	47.0	0.055	0.1812499999999999	0.0	0.4	0.1489585	2.0	0.3
2013-08-28	3.5458335	8.0	8.6	0.029917	42.0	0.049	0.16145825	0.0	0.4	0.16041675	2.0	0.2
2013-08-29	3.780525	13.0	14.1	0.030146	42.0	0.05	0.1594695	0.0	0.4	0.14293475	2.0	0.2
2013-08-30	2.9697465000000003	7.0	7.6	0.028271	39.0	0.046	0.187804	0.0	0.4	0.1487689999999999	2.0	0.2
2013-08-31	3.052083	8.0	9.2	0.030125	40.0	0.047	0.2104164999999999	0.0	0.4	0.15	2.0	0.3
2013-09-01	2.2916665	5.0	5.1	0.023625	31.0	0.036	0.2864582499999999	0.0	0.9	0.13125	2.0	0.2
2013-09-02	2.51875	8.0	8.1	0.021667	33.0	0.039	0.2541665	0.0	0.6	0.15	2.0	0.2
2013-09-03	3.147917	7.0	7.4	0.0271455	36.0	0.043	0.2739582499999999	0.0	0.9	0.1562499999999999	2.0	0.2
2013-09-04	4.3645835	10.0	11.2	0.0307085	43.0	0.051	0.25833325	0.0	0.7	0.1895832499999999	2.0	0.3
2013-09-05	4.222645	7.0	7.5	0.035021	42.0	0.05	0.365625	1.0	1.1	0.193569	2.0	0.2
2013-09-06	4.0020835	6.0	6.9	0.0418545	61.0	0.063	0.28059	0.0	0.7	0.2245472499999999	3.0	0.3
2013-09-07	3.8833335	13.0	14.2	0.0321875	46.0	0.054	0.2375	0.0	0.4	0.25104175	3.0	0.4
2013-09-08	2.16875	3.0	3.9	0.03225	36.0	0.043	0.203125	0.0	0.4	0.23333325	3.0	0.3
2013-09-09	3.2458335	6.0	6.5	0.035792	46.0	0.054	0.2364582499999999	0.0	0.7	0.20625	3.0	0.3
2013-09-10	5.05625	16.0	17.6	0.0267915	35.0	0.041	0.2625	0.0	0.9	0.1739582499999999	3.0	0.3
2013-09-11	6.105302999999999	28.0	30.1	0.0281874999999999	38.0	0.045	0.26439575	0.0	0.6	0.18541675	3.0	0.5
2013-09-12	3.67971	14.0	15.6	0.024667	32.0	0.038	0.3303895	1.0	1.6	0.1625	3.0	0.3
2013-09-13	3.70625	10.0	11.5	0.0236455	33.0	0.039	0.5291664999999999	3.0	2.4	0.17653975	3.0	0.3
2013-09-14	2.9708335000000003	5.0	5.0	0.028979	34.0	0.04	0.3520832499999999	0.0	0.7	0.215625	3.0	0.3
2013-09-15	2.4416665	11.0	12.7	0.0266875	33.0	0.039	0.2510417499999999	0.0	0.4	0.1874999999999999	3.0	0.4
2013-09-16	2.533333	9.0	10.6	0.026292	32.0	0.038	0.25520825	0.0	0.8	0.1698825	5.0	0.4
2013-09-17	3.038393	6.0	6.1	0.0228125	27.0	0.032	0.3176815	0.0	0.9	0.153125	2.0	0.2
2013-09-18	2.3664855	3.0	3.7	0.0351039999999999	40.0	0.047	0.25729175	0.0	0.4	0.15683875	2.0	0.2
2013-09-19	2.330163	6.0	6.4	0.0259585	28.0	0.033	0.26145825	0.0	0.7	0.10208325	1.0	0.2
2013-09-20	4.1875	23.0	24.2	0.0176045	25.0	0.029	0.397781	3.0	2.4	0.128125	5.0	0.6
2013-09-21	4.5770835	16.0	17.7	0.0276459999999999	36.0	0.042	0.6135415	3.0	2.0	0.21354175	6.0	0.6
2013-09-22	2.0875	3.0	3.3	0.043521	50.0	0.059	0.5604167499999999	3.0	2.2	0.10937525	2.0	0.2
2013-09-23	2.6875	5.0	5.2	0.043536	47.0	0.056	0.87916675	3.0	2.1	0.1447915	2.0	0.2
2013-09-24	6.909091	26.0	28.8	0.034833	39.0	0.046	0.592236	0.0	0.9	0.1742425	2.0	0.5
2013-09-25	3.604167	7.0	7.5	0.047625	50.0	0.059	0.5375	0.0	0.8	0.202083	3.0	0.3
2013-09-26	2.2625	3.0	3.1	0.05575	77.0	0.068	0.6166665	1.0	1.1	0.1979165	2.0	0.2
2013-09-27	5.631818	14.0	15.1	0.040042	49.0	0.058	0.65625	1.0	1.4	0.1916665	2.0	0.2
2013-09-28	3.229167	11.0	12.5	0.02875	30.0	0.035	0.4166665	0.0	0.6	0.120833	2.0	0.3
2013-09-29	2.079167	2.0	2.9	0.039833	41.0	0.048	0.4208334999999999	0.0	0.5	0.1041665	2.0	0.2
2013-09-30	3.6375	7.0	7.0	0.043	42.0	0.05	0.4395835	0.0	0.5	0.1104165	1.0	0.2
2013-10-01	7.3125	21.0	22.1	0.028917	35.0	0.041	0.70625	4.0	3.1	0.14375	3.0	0.4
2013-10-02	6.008333	16.0	17.4	0.036833	46.0	0.054	0.5249999999999999	1.0	1.3	0.1625	3.0	0.3
2013-10-03	2.7206520000000003	7.0	7.1	0.0154795	17.0	0.02	0.2563212499999999	3.0	2.7	0.1169382499999999	2.0	0.2
2013-10-04	1.925	3.0	3.1	0.017354	18.0	0.021	0.19638325	0.0	0.4	0.1430254999999999	2.0	0.2
2013-10-05	1.1729165	3.0	3.0	0.019021	21.0	0.025	0.240625	0.0	0.4	0.1	1.0	0.1
2013-10-06	1.5583334999999998	6.0	6.7	0.0208959999999999	28.0	0.033	0.253125	0.0	0.5	0.1	1.0	0.1
2013-10-07	4.456250000000001	13.0	14.9	0.0247085	29.0	0.034	0.315625	0.0	0.6	0.125	2.0	0.3
2013-10-08	2.6854165	5.0	5.6	0.039125	44.0	0.052	0.33958325	0.0	0.7	0.10520825	2.0	0.2
2013-10-09	3.3175595	8.0	8.0	0.042479	49.0	0.058	0.7606234999999999	3.0	2.2	0.148011	2.0	0.2
2013-10-10	3.726812	5.0	5.9	0.052729	74.0	0.067	1.060572	3.0	2.3	0.1875	2.0	0.2
2013-10-11	2.7458335	5.0	5.1	0.037208	42.0	0.05	0.63854175	1.0	1.6	0.16458325	2.0	0.2
2013-10-12	2.9770835	14.0	15.1	0.0255835	31.0	0.037	0.3104167499999999	0.0	0.6	0.125	2.0	0.2
2013-10-13	4.7416665	20.0	21.4	0.026417	34.0	0.04	0.3708335	0.0	0.6	0.15625025	5.0	0.4
2013-10-14	2.6854165	9.0	10.1	0.0260625	28.0	0.033	0.2937499999999999	0.0	0.5	0.1270832499999999	2.0	0.2
2013-10-15	2.177083	7.0	7.2	0.02175	23.0	0.027	0.4041667499999999	3.0	2.0	0.121875	2.0	0.2
2013-10-16	5.1209240000000005	31.0	33.8	0.026104	34.0	0.04	0.4788885	1.0	1.8	0.1375	3.0	0.6
2013-10-17	4.6483695	25.0	26.6	0.0187915	22.0	0.026	0.4437095	3.0	2.7	0.1539399999999999	3.0	0.5
2013-10-18	3.6270835	14.0	15.7	0.0239165	31.0	0.036	0.30104175	0.0	0.6	0.1229165	2.0	0.3
2013-10-19	2.6583335000000003	9.0	10.8	0.025333	30.0	0.035	0.3322915	1.0	1.6	0.109375	2.0	0.2
2013-10-20	1.74375	5.0	5.2	0.023729	24.0	0.028	0.34791675	1.0	1.5	0.1	1.0	0.1
2013-10-21	3.91875	18.0	19.9	0.0225835	29.0	0.034	0.334375	0.0	0.9	0.12083325	2.0	0.3
2013-10-22	3.4541665000000004	12.0	13.3	0.0184165	24.0	0.028	0.30729175	0.0	0.8	0.10625	2.0	0.2
2013-10-23	5.0049245	17.0	18.6	0.0176039999999999	24.0	0.028	0.334375	1.0	1.2	0.134375	2.0	0.3
2013-10-24	5.8397725000000005	26.0	28.6	0.019375	29.0	0.034	0.401096	1.0	1.1	0.1291665	3.0	0.5
2013-10-25	4.291667	9.0	10.2	0.0258125	31.0	0.037	0.36306825	0.0	0.7	0.1451705	3.0	0.3
2013-10-26	4.402083	22.0	23.9	0.0190625	25.0	0.029	0.37395825	1.0	1.0	0.1229165	3.0	0.5
2013-10-27	2.5625	5.0	5.2	0.0244795	28.0	0.033	0.4166664999999999	1.0	1.4	0.12291675	3.0	0.3
2013-10-28	2.5339015	4.0	4.9	0.0184585	20.0	0.024	0.35	0.0	0.5	0.10104175	1.0	0.2
2013-10-29	3.6229165	7.0	7.9	0.010042	17.0	0.02	0.340625	0.0	0.5	0.1191575	2.0	0.2
2013-10-30	3.837689	7.0	7.1	0.007104	12.0	0.014	0.2833787499999999	0.0	0.5	0.13645825	2.0	0.2
2013-10-31	3.7125	8.0	8.0	0.0144585	17.0	0.02	0.31458325	0.0	0.7	0.1270832499999999	2.0	0.2
2013-11-01	2.985417	8.0	8.8	0.0203539999999999	24.0	0.028	0.625	3.0	2.8	0.11979175	2.0	0.2
2013-11-02	4.7458335	28.0	30.1	0.023021	28.0	0.033	0.48333325	1.0	1.6	0.1479165	3.0	0.6
2013-11-03	2.2854165	5.0	5.2	0.0305625	33.0	0.039	0.5625	1.0	1.2	0.1114582499999999	3.0	0.3
2013-11-04	5.6166665	24.0	25.5	0.017271	24.0	0.028	0.38333325	0.0	0.8	0.140625	3.0	0.6
2013-11-05	6.668749999999999	20.0	21.0	0.0196044999999999	26.0	0.031	0.5479164999999999	4.0	3.3	0.14583325	3.0	0.3
2013-11-06	4.363068	12.0	13.0	0.0214164999999999	24.0	0.028	0.3875	0.0	0.8	0.1372735	2.0	0.2
2013-11-07	6.5147725	16.0	17.5	0.0204789999999999	25.0	0.029	0.592042	3.0	2.3	0.14895825	2.0	0.3
2013-11-08	4.129167	8.0	9.5	0.026583	26.0	0.031	0.63365675	1.0	1.9	0.12916675	2.0	0.2
2013-11-09	2.2375	6.0	6.1	0.023104	26.0	0.031	0.415625	4.0	3.0	0.125	2.0	0.2
2013-11-10	4.925000000000001	15.0	16.8	0.018521	25.0	0.03	0.4666665	1.0	1.6	0.16458325	3.0	0.4
2013-11-11	2.8895835	8.0	9.9	0.0221455	28.0	0.033	0.3874999999999999	0.0	0.7	0.115625	2.0	0.2
2013-11-12	5.7742425	21.0	22.4	0.0197915	25.0	0.029	0.419054	0.0	0.8	0.15104175	5.0	0.6
2013-11-13	3.791667	15.0	16.2	0.0211874999999999	25.0	0.03	0.4270832499999999	0.0	0.7	0.125	2.0	0.3
2013-11-14	9.872159	28.0	30.0	0.015292	25.0	0.029	0.4625132499999999	1.0	1.0	0.1822915	3.0	0.4
2013-11-15	9.425	21.0	22.7	0.0192295	28.0	0.033	0.7041667500000001	1.0	1.8	0.2229167499999999	5.0	1.3
2013-11-16	5.164583	16.0	17.1	0.0234375	25.0	0.03	0.41354175	0.0	0.8	0.18333325	2.0	0.3
2013-11-17	2.5958335	7.0	7.4	0.0207499999999999	29.0	0.034	0.3958334999999999	1.0	1.1	0.11875	2.0	0.2
2013-11-18	4.983333	16.0	17.4	0.0162915	20.0	0.024	0.5322914999999999	3.0	2.1	0.1364584999999999	2.0	0.3
2013-11-19	3.604167	6.0	6.8	0.0281875	31.0	0.036	0.546875	1.0	1.0	0.10520825	2.0	0.2
2013-11-20	6.3261365000000005	24.0	25.3	0.0183955	26.0	0.031	0.6574535	1.0	1.3	0.17653975	5.0	0.6
2013-11-21	2.0948865	5.0	5.6	0.0237085	26.0	0.031	0.3743372499999999	0.0	0.7	0.15742725	3.0	0.3
2013-11-22	4.9199275	14.0	15.0	0.0229415	25.0	0.03	0.486853	1.0	1.4	0.1841367499999999	3.0	0.4
2013-11-23	3.2083335	15.0	16.8	0.0244795	28.0	0.033	0.4874999999999999	1.0	1.7	0.1645835	2.0	0.3
2013-11-24	1.9229165	3.0	3.3	0.0251875	28.0	0.033	0.49583325	0.0	0.7	0.1791665	2.0	0.2
2013-11-25	3.9770835	12.0	13.3	0.0247085	31.0	0.036	0.74166675	3.0	2.9	0.15063425	2.0	0.3
2013-11-26	2.4375	8.0	8.3	0.024354	29.0	0.034	0.47148675	0.0	0.9	0.1399909999999999	2.0	0.2
2013-11-27	5.203557	18.0	19.9	0.0146664999999999	27.0	0.032	0.6259317500000001	6.0	4.7	0.148913	2.0	0.3
2013-11-28	3.4833335	21.0	22.4	0.0148125	26.0	0.031	0.5354165	1.0	1.5	0.125	3.0	0.4
2013-11-29	4.845833	9.0	10.4	0.012458	21.0	0.025	0.8062499999999999	3.0	2.2	0.1447914999999999	2.0	0.2
2013-11-30	6.68125	19.0	20.9	0.0095835	21.0	0.025	0.7791667499999999	4.0	3.8	0.17083325	3.0	0.4
2013-12-01	5.529166999999999	14.0	15.1	0.008125	16.0	0.019	0.734375	3.0	2.6	0.1531249999999999	2.0	0.3
2013-12-02	8.95	22.0	23.6	0.0085	18.0	0.021	0.8458335	3.0	2.2	0.1854167499999999	3.0	0.4
2013-12-03	5.5145835000000005	8.0	8.9	0.007875	17.0	0.02	0.425	0.0	0.7	0.1885414999999999	3.0	0.3
2013-12-04	3.1971015	10.0	11.4	0.0250205	31.0	0.036	0.4529567499999999	1.0	1.2	0.13750025	2.0	0.2
2013-12-05	2.9565215	8.0	9.1	0.0282294999999999	28.0	0.033	0.69479175	1.0	1.1	0.1229165	2.0	0.2
2013-12-06	4.3604165	9.0	10.4	0.0257705	26.0	0.031	0.7209045000000001	1.0	1.0	0.1361865	2.0	0.2
2013-12-07	6.125	17.0	18.8	0.0251455	26.0	0.031	0.8739585000000001	1.0	1.7	0.16458325	3.0	0.4
2013-12-08	5.1083335000000005	15.0	16.5	0.022646	25.0	0.03	0.83229175	3.0	2.4	0.140625	2.0	0.3
2013-12-09	4.472917	11.0	12.9	0.0321045	32.0	0.038	0.78125	1.0	1.2	0.14374975	2.0	0.3
2013-12-10	5.935416999999999	23.0	24.9	0.0304375	30.0	0.035	0.7875000000000001	1.0	1.8	0.1458332499999999	2.0	0.3
2013-12-11	5.5166665	16.0	17.2	0.027854	28.0	0.033	0.8416925	1.0	1.5	0.1427082499999999	2.0	0.4
2013-12-12	12.3844205	30.0	32.7	0.0187085	30.0	0.035	0.65104175	1.0	1.0	0.2010414999999999	5.0	0.8
2013-12-13	9.85	25.0	26.4	0.02225	25.0	0.03	0.59199675	1.0	1.1	0.2158144999999999	5.0	0.4
2013-12-14	6.1729165	21.0	22.9	0.0242915	27.0	0.032	0.5802082500000001	0.0	0.8	0.1739582499999999	2.0	0.3
2013-12-15	4.48125	17.0	18.5	0.0268545	30.0	0.035	0.621875	1.0	1.1	0.1427085	2.0	0.3
2013-12-16	7.66572	25.0	27.7	0.026021	33.0	0.039	0.86458325	6.0	4.5	0.16041675	3.0	0.4
2013-12-17	6.5	28.0	30.7	0.030354	35.0	0.041	0.5499999999999999	0.0	0.9	0.1489585	3.0	0.5
2013-12-18	10.98125	34.0	36.3	0.018271	26.0	0.031	0.59166675	1.0	1.1	0.19687475	6.0	0.8
2013-12-19	3.8914855	20.0	21.1	0.025458	26.0	0.031	0.5988612499999999	1.0	1.7	0.16411	6.0	0.5
2013-12-20	6.0408515	25.0	26.9	0.024875	26.0	0.031	0.5408515	0.0	0.7	0.14587875	3.0	0.4
2013-12-21	5.0083335	16.0	17.3	0.0259165	31.0	0.037	0.4666667499999999	0.0	0.7	0.15729175	3.0	0.4
2013-12-22	2.90625	5.0	5.7	0.0285415	30.0	0.035	0.65	1.0	1.1	0.1458335	2.0	0.2
2013-12-23	5.260416500000001	28.0	30.4	0.0238125	26.0	0.031	0.684375	1.0	1.1	0.1635415	3.0	0.4
2013-12-24	5.910417	13.0	14.4	0.0225	24.0	0.028	1.09791675	6.0	4.3	0.17708325	3.0	0.3
2013-12-25	5.227083500000001	21.0	22.6	0.029833	37.0	0.044	0.68333325	1.0	1.5	0.140625	2.0	0.3
2013-12-26	6.9583335	28.0	30.8	0.026771	34.0	0.04	0.575	1.0	1.0	0.16960225	3.0	0.4
2013-12-27	7.854167	27.0	29.3	0.022646	27.0	0.032	0.5302082499999999	0.0	0.8	0.16875	3.0	0.6
2013-12-28	4.7208335	13.0	14.5	0.0258335	30.0	0.035	0.6302082499999999	3.0	2.9	0.14895825	3.0	0.3
2013-12-29	1.985417	13.0	14.1	0.028104	30.0	0.035	0.64166675	1.0	1.3	0.1406249999999999	2.0	0.3
2013-12-30	4.4395835	11.0	12.6	0.024354	25.0	0.029	0.91875	3.0	2.9	0.1541664999999999	2.0	0.2
2013-12-31	3.435417	8.0	9.8	0.0291839999999999	32.0	0.038	0.78333325	1.0	1.9	0.15	2.0	0.2
2014-01-01	5.927273	20.0	21.4	0.030458	34.0	0.037	0.754037	1.0	1.1	0.2022725	2.0	0.3
2014-01-02	13.466667	30.0	32.5	0.029417	31.0	0.034	0.6708335	0.0	0.9	0.2479164999999999	3.0	0.4
2014-01-03	6.358333	9.0	10.4	0.029	30.0	0.032	0.875	1.0	1.6	0.1979165	2.0	0.2
2014-01-04	4.608333	18.0	19.5	0.034583	37.0	0.04	1.0104165	1.0	1.8	0.1916665	2.0	0.2
2014-01-05	4.733333	14.0	15.3	0.037417	37.0	0.04	2.2166665	7.0	5.5	0.160417	2.0	0.2
2014-01-06	5.616667	16.0	17.4	0.034375	35.0	0.038	1.2791665	4.0	3.3	0.16875	2.0	0.2
2014-01-07	7.475	13.0	14.8	0.036708	37.0	0.04	0.7124999999999999	1.0	1.5	0.2	2.0	0.3
2014-01-08	11.86087	37.0	39.7	0.032667	36.0	0.039	0.8291664999999999	1.0	1.6	0.25625	5.0	1.1
2014-01-09	6.504167	8.0	8.0	0.03	30.0	0.032	1.1104165	1.0	1.6	0.1833334999999999	2.0	0.2
2014-01-10	10.316667	24.0	25.1	0.02175	31.0	0.033	0.595031	0.0	0.7	0.2304925	3.0	0.4
2014-01-11	6.979167	15.0	16.2	0.035458	37.0	0.04	0.6	1.0	1.1	0.204167	3.0	0.3
2014-01-12	6.5	17.0	18.8	0.031333	32.0	0.035	0.5895835	0.0	0.6	0.2	2.0	0.3
2014-01-13	6.7875	16.0	17.8	0.03375	36.0	0.039	0.6104165	0.0	0.8	0.1875	2.0	0.3
2014-01-14	4.554167	12.0	13.4	0.036875	36.0	0.039	2.1229165	10.0	7.1	0.1979165	2.0	0.2
2014-01-15	10.431818	32.0	34.1	0.030958	41.0	0.044	0.7086954999999999	0.0	0.9	0.2539775	5.0	0.7
2014-01-16	3.233333	6.0	6.0	0.041833	41.0	0.044	1.3604165	7.0	5.5	0.14375	2.0	0.2
2014-01-17	7.6625	14.0	15.4	0.037	37.0	0.04	1.4145835	10.0	7.7	0.175	2.0	0.3
2014-01-18	4.170833	15.0	16.7	0.0355	36.0	0.039	0.7416665	1.0	1.1	0.2	2.0	0.2
2014-01-19	4.5875	9.0	10.2	0.036625	39.0	0.042	0.6208335	0.0	0.8	0.1854164999999999	2.0	0.2
2014-01-20	4.304167	11.0	12.8	0.038167	40.0	0.043	0.5833335	0.0	0.9	0.1958335	2.0	0.3
2014-01-21	6.4	14.0	15.4	0.0355	36.0	0.039	0.6645835	1.0	1.6	0.18125	2.0	0.2
2014-01-22	4.181818	10.0	11.5	0.039875	40.0	0.043	0.7950309999999999	1.0	1.2	0.1403984999999999	2.0	0.2
2014-01-23	6.191667	12.0	13.8	0.036292	37.0	0.04	1.0666665	6.0	4.5	0.175	2.0	0.3
2014-01-24	5.479167	11.0	12.9	0.033667	38.0	0.041	1.15625	6.0	4.7	0.1791665	2.0	0.4
2014-01-25	2.295833	5.0	5.6	0.040083	41.0	0.044	0.6479165	3.0	2.2	0.1416665	2.0	0.2
2014-01-26	1.583333	3.0	3.8	0.042125	42.0	0.045	0.76875	1.0	1.2	0.1916665	2.0	0.2
2014-01-27	5.895833	24.0	25.0	0.036125	39.0	0.042	1.50625	6.0	4.8	0.1541664999999999	2.0	0.3
2014-01-28	12.591304	29.0	31.9	0.031375	40.0	0.043	0.7833335	1.0	1.2	0.217803	3.0	0.4
2014-01-29	7.804167	16.0	17.4	0.031167	33.0	0.036	0.8	1.0	1.6	0.214583	3.0	0.3
2014-01-30	5.070833	9.0	10.9	0.035083	37.0	0.04	1.072078	4.0	3.3	0.1958335	2.0	0.2
2014-01-31	10.391667	25.0	26.5	0.029917	33.0	0.036	1.3541664999999998	3.0	2.8	0.21875	3.0	0.4
2014-02-01	5.833333	10.0	11.6	0.034917	37.0	0.04	1.1270835	1.0	1.9	0.1979165	2.0	0.2
2014-02-02	7.654167	20.0	21.1	0.032625	38.0	0.041	0.63125	0.0	0.9	0.2041664999999999	2.0	0.3
2014-02-03	12.825	31.0	33.3	0.032958	38.0	0.041	0.9875	3.0	2.1	0.28125	6.0	0.8
2014-02-04	3.205	5.0	5.0	0.042083	40.0	0.043	0.8113634999999999	1.0	1.7	0.1913045	2.0	0.2
2014-02-05	4.473913	8.0	9.0	0.037417	38.0	0.041	0.9666665	4.0	3.7	0.17029	2.0	0.2
2014-02-06	7.170833	11.0	12.0	0.034417	36.0	0.039	0.6833335	0.0	0.9	0.2	2.0	0.3
2014-02-07	8.916667	20.0	21.2	0.035333	38.0	0.041	0.6366885	1.0	1.0	0.23125	3.0	0.4
2014-02-08	9.545833	22.0	23.0	0.037792	40.0	0.043	0.8374999999999999	1.0	1.5	0.20625	2.0	0.3
2014-02-09	7.5875	16.0	17.6	0.03675	40.0	0.043	0.6979165	1.0	1.1	0.2	2.0	0.2
2014-02-10	13.158333	30.0	32.1	0.032667	36.0	0.039	0.7875000000000001	1.0	1.1	0.28125	5.0	0.6
2014-02-11	5.7	7.0	7.6	0.037708	39.0	0.042	0.7041664999999999	1.0	1.0	0.1979165	2.0	0.2
2014-02-12	7.108333	10.0	11.8	0.0395	39.0	0.042	0.7625	1.0	1.1	0.2020834999999999	2.0	0.3
2014-02-13	5.004167	8.0	9.8	0.039083	39.0	0.042	0.8944099999999999	1.0	1.9	0.1977275	2.0	0.2
2014-02-14	9.925	36.0	38.4	0.031833	36.0	0.039	0.6270835	0.0	0.9	0.225	3.0	0.5
2014-02-15	4.5	8.0	8.3	0.035708	36.0	0.039	0.9270835	1.0	1.6	0.208333	3.0	0.3
2014-02-16	4.895833	20.0	21.8	0.034542	35.0	0.038	0.5770835000000001	0.0	0.9	0.2020834999999999	2.0	0.3
2014-02-17	7.6375	26.0	28.0	0.032292	37.0	0.04	0.6083335	0.0	0.7	0.220833	3.0	0.4
2014-02-18	8.629167	24.0	25.2	0.026417	32.0	0.035	0.6499999999999999	0.0	0.9	0.2708335	5.0	0.6
2014-02-19	8.279167	18.0	19.9	0.029833	38.0	0.041	0.6875	1.0	1.6	0.222917	3.0	0.4
2014-02-20	4.9625	17.0	18.3	0.033708	35.0	0.038	1.0354165	3.0	2.7	0.1958335	2.0	0.2
2014-02-21	4.413636	10.0	11.1	0.037292	38.0	0.041	0.9386365	3.0	2.3	0.2	2.0	0.2
2014-02-22	3.808333	7.0	7.1	0.037708	37.0	0.04	1.3104165	3.0	2.4	0.1979165	2.0	0.2
2014-02-23	4.325	8.0	9.5	0.034333	36.0	0.039	1.01875	3.0	2.5	0.1979165	2.0	0.2
2014-02-24	4.166667	7.0	7.5	0.029292	31.0	0.033	0.70625	1.0	1.1	0.1875	2.0	0.2
2014-02-25	8.445833	19.0	20.7	0.02825	32.0	0.035	1.3520835	6.0	4.0	0.2166664999999999	3.0	0.3
2014-02-26	7.281818	16.0	17.0	0.036625	40.0	0.043	1.0928570000000002	6.0	4.0	0.2041664999999999	2.0	0.3
2014-02-27	3.9625	11.0	12.9	0.038333	38.0	0.041	0.7166665000000001	1.0	1.3	0.1979165	2.0	0.3
2014-02-28	4.479167	8.0	8.1	0.036875	39.0	0.042	0.78125	1.0	1.2	0.1977275	2.0	0.2
2014-03-01	2.358333	5.0	5.4	0.036542	37.0	0.04	0.6687500000000001	1.0	1.1	0.1979165	2.0	0.2
2014-03-02	5.945833	18.0	19.1	0.027458	31.0	0.034	1.3624999999999998	4.0	3.5	0.1979165	2.0	0.2
2014-03-03	12.295833	37.0	39.1	0.029625	34.0	0.037	1.3833335	4.0	3.0	0.2395835	3.0	0.5
2014-03-04	10.575	26.0	28.6	0.037458	42.0	0.045	1.0416664999999998	1.0	1.8	0.23125	3.0	0.5
2014-03-05	6.3125	9.0	10.4	0.047792	51.0	0.055	0.7583335	1.0	1.1	0.2020834999999999	2.0	0.3
2014-03-06	5.413636	8.0	8.7	0.033042	36.0	0.039	0.9113635	1.0	1.5	0.225453	3.0	0.3
2014-03-07	3.9	10.0	11.4	0.040375	46.0	0.05	0.5666665	0.0	0.8	0.2	2.0	0.3
2014-03-08	4.266667	14.0	15.0	0.037542	41.0	0.044	0.6520835	1.0	1.1	0.1979165	2.0	0.3
2014-03-09	6.145833	22.0	23.3	0.028417	31.0	0.034	0.64375	0.0	0.8	0.227083	3.0	0.4
2014-03-10	6.479167	15.0	16.4	0.029333	35.0	0.038	1.10625	3.0	2.8	0.2125	3.0	0.4
2014-03-11	2.45	5.0	5.9	0.037083	38.0	0.041	0.5729165	0.0	0.9	0.1979165	2.0	0.2
2014-03-12	5.979167	12.0	13.2	0.028125	31.0	0.034	0.5083335	0.0	0.7	0.2020834999999999	2.0	0.3
2014-03-13	8.752174	24.0	25.1	0.035042	44.0	0.047	0.6019479999999999	1.0	1.0	0.2174244999999999	3.0	0.5
2014-03-14	4.658333	20.0	21.9	0.033708	40.0	0.043	0.8812500000000001	3.0	2.2	0.1979165	2.0	0.3
2014-03-15	2.366667	4.0	4.5	0.034708	37.0	0.04	0.5458335	0.0	0.9	0.1979165	2.0	0.2
2014-03-16	2.116667	5.0	5.2	0.037667	42.0	0.045	0.6104165	1.0	1.7	0.1979165	2.0	0.2
2014-03-17	3.5375	6.0	6.6	0.031417	32.0	0.035	0.7395835	1.0	1.8	0.1875	2.0	0.2
2014-03-18	4.1375	5.0	5.8	0.031625	35.0	0.038	0.575	1.0	1.0	0.1979165	2.0	0.2
2014-03-19	6.216667	10.0	11.5	0.030917	37.0	0.04	0.51875	0.0	0.6	0.2020834999999999	2.0	0.3
2014-03-20	8.8375	26.0	28.0	0.034667	45.0	0.049	1.1416665	13.0	9.6	0.2895835	6.0	1.1
2014-03-21	3.740909	16.0	17.6	0.034167	38.0	0.041	0.55559	1.0	1.0	0.193182	2.0	0.2
2014-03-22	2.245833	9.0	10.5	0.030625	35.0	0.038	0.5041665	0.0	0.6	0.1979165	2.0	0.3
2014-03-23	7.875	27.0	29.5	0.033792	40.0	0.043	0.5708335	0.0	0.7	0.26875	5.0	0.8
2014-03-24	4.608333	15.0	16.0	0.034833	36.0	0.039	0.59375	0.0	0.8	0.2041664999999999	2.0	0.4
2014-03-25	4.020833	24.0	25.3	0.036167	38.0	0.041	0.5437500000000001	0.0	0.6	0.1937499999999999	2.0	0.2
2014-03-26	3.172727	5.0	5.4	0.041792	48.0	0.052	0.7124999999999999	0.0	0.9	0.1977275	2.0	0.2
2014-03-27	4.545833	10.0	11.7	0.0335	40.0	0.043	0.509091	0.0	0.6	0.2	2.0	0.3
2014-03-28	6.008333	18.0	19.3	0.030792	38.0	0.041	0.7041664999999999	0.0	0.9	0.2020834999999999	2.0	0.3
2014-03-29	9.954167	29.0	31.5	0.03475	41.0	0.044	0.725	1.0	1.1	0.2666665	5.0	0.5
2014-03-30	5.441667	19.0	20.3	0.042958	47.0	0.051	0.7625	0.0	0.9	0.245833	3.0	0.4
2014-03-31	3.4	6.0	6.9	0.034958	40.0	0.043	0.7749999999999999	1.0	1.2	0.2020835	3.0	0.3
2014-04-01	3.829167	15.0	16.7	0.031583	34.0	0.037	0.5229165	0.0	0.8	0.18125	2.0	0.3
2014-04-02	4.1375	8.0	9.7	0.035	36.0	0.039	0.5458335	0.0	0.8	0.1979165	2.0	0.2
2014-04-03	3.309091	4.0	4.8	0.036792	42.0	0.045	0.5	0.0	0.5	0.1977275	2.0	0.2
2014-04-04	6.716667	33.0	35.8	0.040167	44.0	0.048	0.7395835000000001	1.0	1.9	0.2208335	3.0	0.6
2014-04-05	3.295833	5.0	5.1	0.04125	45.0	0.049	0.6395835000000001	1.0	1.1	0.197917	3.0	0.3
2014-04-06	4.15	8.0	8.3	0.045708	58.0	0.057	0.6708335	1.0	1.3	0.2208335	3.0	0.3
2014-04-07	5.195833	16.0	17.1	0.041333	48.0	0.052	1.1895835	4.0	3.5	0.2041664999999999	2.0	0.4
2014-04-08	4.75	23.0	24.8	0.039125	44.0	0.048	0.6749999999999999	1.0	1.5	0.2020834999999999	2.0	0.3
2014-04-09	4.109091	8.0	9.7	0.041792	47.0	0.051	0.6267079999999999	1.0	1.5	0.184091	2.0	0.2
2014-04-10	5.258333	22.0	23.0	0.043667	49.0	0.053	1.5125	4.0	3.9	0.1895835	2.0	0.4
2014-04-11	4.458333	9.0	10.5	0.04325	49.0	0.053	0.85	4.0	3.3	0.1791665	2.0	0.2
2014-04-12	5.4125	8.0	8.9	0.047167	80.0	0.064	1.0958335	3.0	2.1	0.2354165	3.0	0.4
2014-04-13	1.975	3.0	3.7	0.037708	40.0	0.043	0.5354165	0.0	0.9	0.1208335	2.0	0.2
2014-04-14	2.0875	4.0	4.5	0.038958	42.0	0.045	0.7625	3.0	2.1	0.175	2.0	0.2
2014-04-15	5.270833	27.0	29.2	0.038958	44.0	0.047	0.6333335	1.0	1.0	0.227083	3.0	0.6
2014-04-16	4.25	7.0	7.1	0.0385	43.0	0.046	0.6208335	1.0	1.0	0.2041664999999999	2.0	0.3
2014-04-17	4.104348	13.0	14.9	0.043292	47.0	0.051	0.787121	3.0	2.9	0.2	2.0	0.3
2014-04-18	4.191667	5.0	5.8	0.052333	93.0	0.068	0.8520835	1.0	1.4	0.2020834999999999	2.0	0.3
2014-04-19	4.6375	8.0	9.7	0.04575	50.0	0.054	0.8770834999999999	1.0	1.4	0.21875	3.0	0.4
2014-04-20	7.070833	17.0	18.3	0.051167	105.0	0.072	1.0354165	4.0	3.0	0.2208335	3.0	0.4
2014-04-21	4.0625	8.0	9.3	0.043917	49.0	0.053	0.86875	1.0	1.8	0.2041665	3.0	0.3
2014-04-22	8.404167	26.0	28.4	0.044125	61.0	0.058	0.8270835000000001	1.0	1.9	0.2354165	3.0	0.5
2014-04-23	4.195833	5.0	5.3	0.03925	46.0	0.05	0.61875	0.0	0.7	0.1979165	2.0	0.2
2014-04-24	6.5375	17.0	18.5	0.031792	44.0	0.047	1.6270835	14.0	10.5	0.2020834999999999	2.0	0.3
2014-04-25	13.322727	29.0	31.8	0.037083	58.0	0.057	2.791558	29.0	20.4	0.2488095	3.0	0.5
2014-04-26	3.591667	4.0	4.6	0.040708	46.0	0.05	0.6125	0.0	0.7	0.2041665	3.0	0.3
2014-04-27	3.1125	4.0	4.2	0.033292	36.0	0.039	0.5104165	0.0	0.6	0.1916665	2.0	0.2
2014-04-28	3.0125	4.0	4.4	0.0355	36.0	0.039	0.4604165	0.0	0.7	0.1958335	2.0	0.2
2014-04-29	2.704167	4.0	4.1	0.037167	37.0	0.04	0.4624999999999999	1.0	1.5	0.1937499999999999	2.0	0.2
2014-04-30	3.354167	11.0	12.0	0.031667	31.0	0.034	2.3020835	26.0	18.5	0.170833	2.0	0.2
2014-05-01	4.468182	18.0	19.2	0.034083	37.0	0.04	1.1416665	7.0	5.0	0.174053	2.0	0.2
2014-05-02	6.825	14.0	15.8	0.0375	45.0	0.049	2.8032465	19.0	13.4	0.1958335	2.0	0.3
2014-05-03	4.6625	10.0	11.0	0.037875	45.0	0.049	0.79375	1.0	1.7	0.1937499999999999	2.0	0.2
2014-05-04	2.029167	4.0	4.1	0.03225	36.0	0.039	0.5291665	1.0	1.0	0.1708335	2.0	0.2
2014-05-05	6.186364	13.0	14.1	0.039583	61.0	0.058	0.8462735	1.0	1.8	0.2022725	2.0	0.3
2014-05-06	5.75	8.0	8.2	0.040583	49.0	0.053	0.9208335	1.0	1.2	0.1916665	2.0	0.2
2014-05-07	5.1875	6.0	6.6	0.036833	42.0	0.045	0.7875	1.0	1.0	0.1979165	2.0	0.2
2014-05-08	3.818182	7.0	7.9	0.024833	28.0	0.03	0.5393939999999999	0.0	0.9	0.187047	2.0	0.2
2014-05-09	5.479167	23.0	24.9	0.038708	48.0	0.052	0.5145835000000001	0.0	0.9	0.125	2.0	0.4
2014-05-10	7.016667	14.0	15.3	0.039125	49.0	0.053	0.64375	1.0	1.3	0.189583	2.0	0.5
2014-05-11	4.158333	11.0	12.6	0.0335	35.0	0.038	0.5291665	0.0	0.7	0.1291665	2.0	0.3
2014-05-12	2.854167	4.0	4.4	0.027875	30.0	0.032	0.4895835	0.0	0.8	0.1604165	2.0	0.2
2014-05-13	4.695455	18.0	19.8	0.029583	35.0	0.038	0.49375	0.0	0.6	0.1193839999999999	2.0	0.3
2014-05-14	5.8	14.0	15.5	0.037958	47.0	0.051	0.56875	0.0	0.8	0.152083	2.0	0.2
2014-05-15	4.795833	13.0	14.7	0.030167	39.0	0.042	0.5645835	1.0	1.0	0.1291665	2.0	0.2
2014-05-16	10.870833	25.0	27.9	0.038625	51.0	0.055	0.5833335	0.0	0.8	0.2145834999999999	5.0	0.5
2014-05-17	6.1875	15.0	16.7	0.049708	77.0	0.063	0.5520835000000001	0.0	0.9	0.1625	2.0	0.3
2014-05-18	3.195833	4.0	4.8	0.050542	67.0	0.06	0.6583335	1.0	1.2	0.1145835	2.0	0.2
2014-05-19	6.458333	19.0	20.2	0.036792	44.0	0.048	0.6333335	0.0	0.8	0.2020834999999999	2.0	0.3
2014-05-20	15.8125	27.0	29.2	0.028625	44.0	0.047	0.8604165	1.0	1.9	0.2624999999999999	3.0	0.4
2014-05-21	5.354167	10.0	11.0	0.038125	48.0	0.052	0.625	1.0	1.9	0.15625	3.0	0.3
2014-05-22	8.614286	21.0	22.1	0.0475	77.0	0.063	0.6509739999999999	1.0	1.1	0.20625	2.0	0.3
2014-05-23	6.65	21.0	22.1	0.051875	97.0	0.069	0.604348	0.0	0.7	0.1365075	2.0	0.2
2014-05-24	6.5923915	21.0	22.1	0.0464165	97.0	0.069	0.54800725	0.0	0.7	0.23264774999999996	5.0	0.5
2014-05-25	6.5923915	21.0	22.1	0.0464165	97.0	0.069	0.54800725	0.0	0.7	0.23264774999999996	5.0	0.5
2014-05-26	6.5923915	21.0	22.1	0.0464165	97.0	0.069	0.54800725	0.0	0.7	0.23264774999999996	5.0	0.5
2014-05-27	6.5923915	21.0	22.1	0.0464165	97.0	0.069	0.54800725	0.0	0.7	0.23264774999999996	5.0	0.5
2014-05-28	6.534783	11.0	12.4	0.040958	67.0	0.06	0.4916665	0.0	0.5	0.3287879999999999	5.0	0.5
2014-05-29	6.583333	17.0	18.1	0.047625	84.0	0.065	0.434524	0.0	0.6	0.175	2.0	0.2
2014-05-30	5.6875	10.0	11.5	0.043083	54.0	0.056	0.4083335	0.0	0.5	0.1937499999999999	2.0	0.2
2014-05-31	5.233333	7.0	7.8	0.03475	39.0	0.042	0.4041665	0.0	0.5	0.1270835	2.0	0.2
2014-06-01	2.7	4.0	4.1	0.043	49.0	0.053	0.4	0.0	0.4	0.10625	2.0	0.2
2014-06-02	3.904167	8.0	8.0	0.035375	45.0	0.049	0.4	0.0	0.4	0.10625	1.0	0.2
2014-06-03	7.125	16.0	17.1	0.030875	38.0	0.041	0.4145835	0.0	0.5	0.1854164999999999	2.0	0.3
2014-06-04	5.695455	20.0	21.1	0.0435	67.0	0.06	0.4464285	0.0	0.5	0.1416665	2.0	0.5
2014-06-05	4.875	8.0	8.7	0.040208	49.0	0.053	0.4104164999999999	0.0	0.5	0.177083	2.0	0.2
2014-06-06	11.19	17.0	18.9	0.022833	27.0	0.029	0.569697	0.0	0.6	0.2275	3.0	0.4
2014-06-07	7.372272499999999	17.0	18.9	0.035224	74.0	0.062	0.5348485000000001	0.0	0.8	0.16375	3.0	0.4
2014-06-08	7.372272499999999	17.0	18.9	0.035224	74.0	0.062	0.5348485000000001	0.0	0.8	0.16375	3.0	0.4
2014-06-09	7.372272499999999	17.0	18.9	0.035224	74.0	0.062	0.5348485000000001	0.0	0.8	0.16375	3.0	0.4
2014-06-10	7.372272499999999	17.0	18.9	0.035224	74.0	0.062	0.5348485000000001	0.0	0.8	0.16375	3.0	0.4
2014-06-11	3.554545	5.0	5.0	0.047615	74.0	0.062	0.5	0.0	0.8	0.1	0.0	0.1
2014-06-12	3.675	10.0	11.0	0.036417	44.0	0.048	0.5958334999999999	1.0	1.1	0.1041665	1.0	0.2
2014-06-13	6.604545	15.0	16.5	0.047667	67.0	0.06	0.8107145	1.0	1.7	0.162879	3.0	0.4
2014-06-14	3.766667	6.0	6.6	0.035667	40.0	0.043	0.58125	1.0	1.1	0.1375	2.0	0.2
2014-06-15	2.854167	8.0	9.0	0.039	43.0	0.046	0.4083335	0.0	0.6	0.1145829999999999	2.0	0.2
2014-06-16	3.125	4.0	4.5	0.044917	47.0	0.051	0.4270834999999999	0.0	0.6	0.1	1.0	0.1
2014-06-17	2.854167	7.0	7.6	0.042792	46.0	0.05	0.4083335	0.0	0.5	0.1520834999999999	2.0	0.2
2014-06-18	3.1	5.0	5.7	0.035833	47.0	0.051	0.4	0.0	0.4	0.156439	2.0	0.2
2014-06-19	4.670833	13.0	14.7	0.036667	44.0	0.048	0.4270835	1.0	1.0	0.1229165	2.0	0.3
2014-06-20	5.979167	12.0	13.1	0.041708	54.0	0.056	0.51875	0.0	0.8	0.158333	2.0	0.3
2014-06-21	2.95	5.0	5.6	0.042958	46.0	0.05	0.4479165	0.0	0.7	0.10625	2.0	0.2
2014-06-22	2.75	9.0	10.6	0.040667	44.0	0.048	0.4229165	0.0	0.5	0.10625	1.0	0.2
2014-06-23	5.420833	12.0	13.3	0.034375	42.0	0.045	0.8375	3.0	2.4	0.1229165	2.0	0.3
2014-06-24	5.345833	9.0	10.7	0.036167	46.0	0.05	0.7375	6.0	4.3	0.1333335	2.0	0.2
2014-06-25	3.958333	8.0	9.7	0.036208	46.0	0.05	0.5145835000000001	0.0	0.6	0.1291665	2.0	0.2
2014-06-26	3.25	6.0	6.5	0.045083	64.0	0.059	0.4145835	0.0	0.5	0.120833	2.0	0.2
2014-06-27	2.625	3.0	3.8	0.035667	39.0	0.042	0.4125	0.0	0.5	0.1	1.0	0.1
2014-06-28	2.191667	3.0	3.7	0.043167	47.0	0.051	0.4	0.0	0.4	0.1020835	1.0	0.2
2014-06-29	2.4125	6.0	6.3	0.040125	44.0	0.047	0.4208334999999999	0.0	0.7	0.10625	1.0	0.2
2014-06-30	7.441667	21.0	22.8	0.028208	36.0	0.039	0.6479165	1.0	1.8	0.166667	3.0	0.5
2014-07-01	2.008333	4.0	4.2	0.030208	33.0	0.036	0.71875	4.0	3.2	0.1083335	2.0	0.2
2014-07-02	3.882609	14.0	15.0	0.031	38.0	0.041	0.81677	3.0	2.9	0.11721	2.0	0.3
2014-07-03	6.316667	20.0	21.5	0.037583	45.0	0.049	0.5645835	1.0	1.0	0.1708335	3.0	0.5
2014-07-04	1.7375	3.0	3.0	0.047292	54.0	0.056	0.7208334999999999	1.0	1.0	0.1020835	1.0	0.2
2014-07-05	2.016667	3.0	3.2	0.044375	51.0	0.055	0.4541665	0.0	0.8	0.125	2.0	0.2
2014-07-06	3.116667	9.0	10.4	0.036208	44.0	0.047	0.5604165000000001	1.0	1.0	0.1604165	2.0	0.2
2014-07-07	6.6625	15.0	16.4	0.032833	37.0	0.04	1.0291665	6.0	4.4	0.164583	2.0	0.3
2014-07-08	3.391667	10.0	11.9	0.030875	37.0	0.04	1.0083335	6.0	4.3	0.11875	2.0	0.2
2014-07-09	6.725	16.0	17.1	0.04	54.0	0.056	0.5395835	1.0	1.0	0.260417	3.0	0.3
2014-07-10	3.095833	6.0	6.2	0.052375	80.0	0.064	0.5229165	0.0	0.8	0.202083	3.0	0.3
2014-07-11	3.254545	5.0	5.7	0.036833	42.0	0.045	0.406818	0.0	0.5	0.187138	2.0	0.2
2014-07-12	3.158333	7.0	7.0	0.040208	44.0	0.048	0.4125	0.0	0.5	0.1354165	2.0	0.2
2014-07-13	2.616667	6.0	6.2	0.040167	43.0	0.046	0.7916664999999999	3.0	2.1	0.164583	2.0	0.2
2014-07-14	2.745833	7.0	7.6	0.025417	27.0	0.029	0.8083335	4.0	3.9	0.1125	2.0	0.2
2014-07-15	3.83913	9.0	10.4	0.027333	36.0	0.039	0.6229165000000001	3.0	2.0	0.1157199999999999	2.0	0.2
2014-07-16	5.895455	14.0	15.2	0.036333	46.0	0.05	0.5124219999999999	1.0	1.1	0.175	3.0	0.3
2014-07-17	4.525	10.0	11.4	0.040208	44.0	0.047	0.4416665	0.0	0.6	0.16875	2.0	0.3
2014-07-18	2.516667	4.0	4.5	0.03775	42.0	0.045	0.4458335	0.0	0.7	0.16875	2.0	0.2
2014-07-19	2.325	5.0	5.7	0.035542	37.0	0.04	0.4	0.0	0.4	0.1583335	2.0	0.2
2014-07-20	1.9875	2.0	2.6	0.03725	42.0	0.045	0.4	0.0	0.4	0.1708335	2.0	0.2
2014-07-21	2.916667	6.0	6.1	0.039	46.0	0.05	0.4	0.0	0.4	0.1979165	2.0	0.2
2014-07-22	2.8375	5.0	5.8	0.033875	39.0	0.042	0.4	0.0	0.4	0.1354165	2.0	0.2
2014-07-23	2.745833	7.0	7.0	0.031458	36.0	0.039	0.4	0.0	0.4	0.1479165	2.0	0.2
2014-07-24	3.081818	6.0	6.9	0.030083	31.0	0.033	0.4	0.0	0.4	0.16875	2.0	0.2
2014-07-25	3.066667	7.0	7.3	0.03725	48.0	0.052	0.4	0.0	0.4	0.2022725	2.0	0.3
2014-07-26	3.375	6.0	6.9	0.033	47.0	0.051	0.4	0.0	0.4	0.164583	2.0	0.2
2014-07-27	1.629167	2.0	2.8	0.025708	31.0	0.033	0.4166665	0.0	0.5	0.1	1.0	0.1
2014-07-28	3.1875	8.0	8.7	0.022	31.0	0.033	0.44375	0.0	0.7	0.125	2.0	0.2
2014-07-29	8.35	23.0	24.5	0.024583	38.0	0.041	0.4666665	0.0	0.8	0.216667	5.0	0.9
2014-07-30	8.158333	18.0	19.2	0.032625	45.0	0.049	0.4479165	0.0	0.6	0.2229165	5.0	0.4
2014-07-31	8.159091	18.0	19.7	0.029417	46.0	0.05	0.4245345	0.0	0.6	0.248106	3.0	0.4
2014-08-01	10.429167	21.0	22.0	0.040542	74.0	0.062	0.55	0.0	0.9	0.3416665	6.0	0.6
2014-08-02	3.425	8.0	9.1	0.042167	58.0	0.057	0.49375	1.0	1.0	0.2104165	3.0	0.3
2014-08-03	3.291667	8.0	8.6	0.040583	54.0	0.056	0.4479165	0.0	0.7	0.1937499999999999	2.0	0.3
2014-08-04	3.870833	15.0	16.1	0.033917	44.0	0.047	0.4020835	0.0	0.5	0.1979165	2.0	0.3
2014-08-05	4.745455	9.0	10.0	0.0275	31.0	0.034	0.4180124999999999	0.0	0.6	0.2270835	3.0	0.3
2014-08-06	2.320833	4.0	4.5	0.033375	35.0	0.038	0.4	0.0	0.4	0.1979165	2.0	0.2
2014-08-07	2.733333	4.0	4.7	0.034208	36.0	0.039	0.4	0.0	0.4	0.195652	2.0	0.2
2014-08-08	3.229167	6.0	6.4	0.033292	34.0	0.037	0.4	0.0	0.4	0.2020834999999999	2.0	0.3
2014-08-09	2.204167	4.0	4.8	0.035833	39.0	0.042	0.4020835	0.0	0.5	0.2	2.0	0.2
2014-08-10	1.7875	3.0	3.6	0.03475	42.0	0.045	0.4	0.0	0.4	0.1875	2.0	0.2
2014-08-11	3.35	9.0	10.1	0.024375	29.0	0.031	0.5416665	1.0	1.6	0.1791665	2.0	0.3
2014-08-12	5.408333	14.0	15.3	0.026083	34.0	0.037	0.4270834999999999	0.0	0.5	0.1666665	2.0	0.3
2014-08-13	5.308333	13.0	14.2	0.03125	37.0	0.04	0.4270835	0.0	0.5	0.16875	3.0	0.3
2014-08-14	4.322727	8.0	8.7	0.025708	28.0	0.03	0.4708335	0.0	0.6	0.175	2.0	0.2
2014-08-15	3.070833	5.0	5.8	0.032	43.0	0.046	0.409091	0.0	0.5	0.1977275	2.0	0.2
2014-08-16	2.8625	5.0	5.0	0.0365	45.0	0.049	0.4020835	0.0	0.5	0.2	2.0	0.2
2014-08-17	2.408333	7.0	7.0	0.029083	37.0	0.04	0.4	0.0	0.4	0.1645835	2.0	0.2
2014-08-18	6.136364	13.0	14.0	0.031583	43.0	0.046	0.5483764999999999	0.0	0.9	0.2395835	3.0	0.7
2014-08-19	5.083333	12.0	13.1	0.039542	47.0	0.051	0.575	0.0	0.9	0.2249999999999999	3.0	0.3
2014-08-20	3.233333	7.0	7.9	0.032792	37.0	0.04	0.4	0.0	0.4	0.13125	2.0	0.2
2014-08-21	4.2	10.0	11.7	0.031375	39.0	0.042	0.4	0.0	0.4	0.1333335	2.0	0.2
2014-08-22	4.509091	9.0	10.9	0.030458	40.0	0.043	0.4041665	0.0	0.5	0.1468295	2.0	0.2
2014-08-23	1.575	2.0	2.7	0.033875	36.0	0.039	0.4	0.0	0.4	0.13125	2.0	0.2
2014-08-24	2.325	8.0	8.8	0.035	39.0	0.042	0.4	0.0	0.4	0.1333335	2.0	0.3
2014-08-25	4.2625	12.0	13.3	0.021083	27.0	0.029	0.4020835	0.0	0.5	0.158333	2.0	0.3
2014-08-26	3.170833	7.0	7.7	0.020833	28.0	0.03	0.45625	0.0	0.6	0.13125	2.0	0.2
2014-08-27	3.395833	5.0	5.8	0.023375	26.0	0.028	0.4	0.0	0.4	0.1479165	2.0	0.2
2014-08-28	2.725	4.0	4.1	0.022625	25.0	0.027	0.4	0.0	0.4	0.1770834999999999	2.0	0.2
2014-08-29	7.722727	18.0	19.9	0.020333	26.0	0.028	0.4	0.0	0.4	0.1958335	3.0	0.4
2014-08-30	2.3375	6.0	6.3	0.023667	28.0	0.03	0.4041665	0.0	0.5	0.1979165	3.0	0.3
2014-08-31	2.741667	9.0	10.1	0.029333	35.0	0.038	0.4	0.0	0.4	0.1270835	2.0	0.3
2014-09-01	2.579167	9.0	10.4	0.032792	38.0	0.041	0.4041665	0.0	0.5	0.1166665	2.0	0.2
2014-09-02	3.3125	8.0	8.9	0.031958	38.0	0.041	0.4270835	0.0	0.7	0.1270835	2.0	0.2
2014-09-03	2.816667	4.0	4.9	0.029542	31.0	0.034	0.4166665	0.0	0.5	0.1104165	1.0	0.2
2014-09-04	2.904348	6.0	6.5	0.027083	31.0	0.033	0.55	1.0	1.6	0.147917	3.0	0.4
2014-09-05	5.116667	15.0	16.9	0.018833	25.0	0.027	0.4974024999999999	0.0	0.6	0.1833335	3.0	0.5
2014-09-06	3.9125	11.0	12.0	0.029292	36.0	0.039	0.5	0.0	0.5	0.2020834999999999	3.0	0.4
2014-09-07	1.475	2.0	2.2	0.031875	34.0	0.037	0.5375	0.0	0.9	0.1104165	2.0	0.2
2014-09-08	2.595833	5.0	5.2	0.030458	36.0	0.039	0.50625	0.0	0.8	0.1458335	2.0	0.2
2014-09-09	3.195833	5.0	5.3	0.014542	21.0	0.023	0.4	0.0	0.4	0.1916665	2.0	0.2
2014-09-10	1.458333	2.0	2.4	0.016333	17.0	0.018	0.4	0.0	0.4	0.1	1.0	0.1
2014-09-11	2.408333	4.0	4.5	0.017042	18.0	0.019	0.4520834999999999	0.0	0.6	0.1083335	1.0	0.2
2014-09-12	5.4	17.0	18.9	0.020292	29.0	0.031	0.5425464999999999	0.0	0.9	0.1641305	3.0	0.6
2014-09-13	2.05	8.0	8.2	0.025167	31.0	0.034	0.4916665	0.0	0.5	0.122917	3.0	0.3
2014-09-14	2.133333	4.0	4.7	0.026625	35.0	0.038	0.5416664999999999	0.0	0.9	0.1229164999999999	2.0	0.2
2014-09-15	5.970833	22.0	23.3	0.022792	32.0	0.035	0.4729164999999999	0.0	0.5	0.1645835	3.0	0.4
2014-09-16	4.325	13.0	14.4	0.029875	34.0	0.037	0.6208335	1.0	1.3	0.15	3.0	0.3
2014-09-17	5.5875	13.0	14.3	0.029292	38.0	0.041	0.6062500000000001	0.0	0.9	0.2229165	5.0	1.1
2014-09-18	3.204545	7.0	7.8	0.032667	39.0	0.042	0.5173915	0.0	0.9	0.1763585	2.0	0.2
2014-09-19	4.366667	13.0	14.1	0.031042	36.0	0.039	0.5104165	1.0	1.0	0.1583335	2.0	0.3
2014-09-20	3.575	8.0	8.4	0.035042	41.0	0.044	0.6791665	3.0	2.5	0.1541664999999999	2.0	0.2
2014-09-21	3.608333	12.0	13.4	0.024792	31.0	0.034	0.7375	3.0	2.6	0.127083	2.0	0.2
2014-09-22	5.85	14.0	15.2	0.027292	32.0	0.035	0.5979165	1.0	1.1	0.14375	2.0	0.2
2014-09-23	3.433333	5.0	5.7	0.024917	27.0	0.029	0.6229165	1.0	1.3	0.1645835	2.0	0.2
2014-09-24	3.133333	5.0	5.2	0.032417	41.0	0.044	0.5583335	0.0	0.7	0.175	2.0	0.2
2014-09-25	4.2625	8.0	8.2	0.037875	50.0	0.054	0.5354165	0.0	0.6	0.2	2.0	0.3
2014-09-26	4.240909	12.0	13.2	0.046167	67.0	0.06	0.680844	1.0	1.2	0.2045455	2.0	0.3
2014-09-27	3.066667	5.0	5.0	0.05075	87.0	0.066	0.8645835000000001	1.0	1.2	0.1979165	2.0	0.2
2014-09-28	2.833333	7.0	7.7	0.04725	67.0	0.06	0.6645835	1.0	1.0	0.2	2.0	0.3
2014-09-29	2.741667	4.0	4.7	0.016625	19.0	0.02	0.4208334999999999	0.0	0.5	0.1604169999999999	2.0	0.2
2014-09-30	2.354167	3.0	3.8	0.023792	30.0	0.032	0.4333335	0.0	0.5	0.1354165	2.0	0.2
2014-10-01	5.383333	18.0	19.8	0.025583	34.0	0.037	0.4354165	0.0	0.6	0.164583	2.0	0.4
2014-10-02	5.445833	19.0	20.6	0.021708	31.0	0.034	0.6708335	3.0	2.1	0.1375	2.0	0.3
2014-10-03	1.859091	2.0	2.6	0.038167	44.0	0.048	0.7483765	3.0	2.0	0.1238635	2.0	0.2
2014-10-04	3.020833	10.0	11.0	0.024542	27.0	0.029	0.5583335	0.0	0.9	0.1145829999999999	2.0	0.2
2014-10-05	2.366667	5.0	5.1	0.030375	36.0	0.039	0.6104165	1.0	1.4	0.10625	2.0	0.2
2014-10-06	3.3375	8.0	8.6	0.032333	36.0	0.039	0.5479165	0.0	0.7	0.129167	2.0	0.2
2014-10-07	3.125	7.0	7.1	0.03475	41.0	0.044	0.51875	0.0	0.9	0.1020835	1.0	0.2
2014-10-08	8.570833	18.0	19.3	0.026083	33.0	0.036	0.5854165	1.0	1.0	0.154167	2.0	0.3
2014-10-09	4.945455	16.0	17.5	0.019542	24.0	0.026	0.5520835000000001	0.0	0.7	0.131884	2.0	0.4
2014-10-10	9.0	17.0	18.9	0.017125	28.0	0.03	0.6201865	1.0	1.3	0.179167	2.0	0.3
2014-10-11	6.833333	14.0	15.2	0.027708	34.0	0.037	0.8166665	1.0	1.5	0.2041665	3.0	0.4
2014-10-12	2.5875	5.0	5.2	0.03025	36.0	0.039	0.7104165	0.0	0.9	0.1583335	2.0	0.2
2014-10-13	2.804167	4.0	4.4	0.02725	31.0	0.034	0.50625	0.0	0.7	0.1166665	2.0	0.2
2014-10-14	5.133333	12.0	13.7	0.025917	35.0	0.038	0.6166665	0.0	0.9	0.1229165	2.0	0.2
2014-10-15	9.9375	20.0	21.8	0.026833	34.0	0.037	0.84375	1.0	1.8	0.25625	6.0	1.3
2014-10-16	3.708333	8.0	9.4	0.035042	41.0	0.044	1.00625	4.0	3.0	0.11875	2.0	0.2
2014-10-17	2.072727	3.0	3.4	0.02875	37.0	0.04	1.2192545	3.0	2.9	0.1520834999999999	2.0	0.2
2014-10-18	2.433333	5.0	5.5	0.024167	26.0	0.028	0.5895835	1.0	1.6	0.13125	2.0	0.2
2014-10-19	6.208333	28.0	30.8	0.026083	35.0	0.038	1.4958335	9.0	6.0	0.1375	3.0	0.5
2014-10-20	15.0	35.0	37.3	0.023417	39.0	0.042	1.0229165	4.0	3.9	0.3	5.0	0.6
2014-10-21	6.127273	9.0	10.5	0.035583	43.0	0.046	1.011039	3.0	2.4	0.203623	5.0	0.4
2014-10-22	4.529167	13.0	14.1	0.025792	35.0	0.038	0.6625	1.0	1.4	0.1687499999999999	2.0	0.3
2014-10-23	6.195833	12.0	13.9	0.024292	32.0	0.035	0.4770835	0.0	0.6	0.20625	3.0	0.4
2014-10-24	10.033333	29.0	31.8	0.02475	31.0	0.034	0.5604165000000001	0.0	0.7	0.2125	3.0	0.6
2014-10-25	7.966667	19.0	20.8	0.033167	40.0	0.043	0.6125	0.0	0.8	0.20625	3.0	0.4
2014-10-26	7.5625	25.0	26.9	0.025917	37.0	0.04	0.5916665	0.0	0.9	0.1958335	5.0	0.6
2014-10-27	7.1875	13.0	14.4	0.023958	29.0	0.031	0.525	0.0	0.7	0.204167	5.0	0.4
2014-10-28	2.370833	3.0	3.4	0.024917	27.0	0.029	0.5041665	0.0	0.7	0.1	1.0	0.1
2014-10-29	5.308333	13.0	14.7	0.022625	26.0	0.028	0.825	1.0	1.9	0.15625	2.0	0.3
2014-10-30	4.2125	9.0	10.1	0.023125	26.0	0.028	0.6604165	1.0	1.7	0.16875	2.0	0.2
2014-10-31	5.218182	11.0	12.9	0.0235	29.0	0.031	0.5403725	0.0	0.7	0.1403984999999999	2.0	0.2
2014-11-01	3.008333	4.0	4.8	0.027583	29.0	0.031	0.7520834999999999	1.0	1.3	0.104167	2.0	0.2
2014-11-02	2.979167	4.0	4.6	0.032708	36.0	0.039	0.8791665	1.0	1.2	0.1416665	2.0	0.2
2014-11-03	5.033333	13.0	14.4	0.021625	24.0	0.026	0.7708335	1.0	1.8	0.20625	2.0	0.4
2014-11-04	8.604167	25.0	26.9	0.021583	29.0	0.031	0.5416665	0.0	0.6	0.202083	3.0	0.4
2014-11-05	5.3875	17.0	18.8	0.033708	44.0	0.047	0.7375	1.0	1.7	0.179167	3.0	0.6
2014-11-06	6.677273	25.0	27.8	0.034909	37.0	0.04	0.5458335	0.0	0.7	0.1854164999999999	3.0	0.5
2014-11-07	4.863636	15.0	16.2	0.033154	44.0	0.047	0.6113635000000001	0.0	0.8	0.1509965	2.0	0.3
2014-11-08	2.616667	6.0	6.0	0.032667	33.0	0.036	0.6354165	1.0	1.9	0.1791665	2.0	0.2
2014-11-09	2.529167	6.0	6.0	0.032042	33.0	0.036	0.57083325	1.0	1.9	0.16145825	2.0	0.2
2014-11-10	2.441667	4.0	4.9	0.031417	30.0	0.032	0.50625	0.0	0.6	0.14375	2.0	0.2
2014-11-11	2.681818	4.0	4.3	0.029667	29.0	0.031	0.5229165	0.0	0.7	0.1041665	1.0	0.2
2014-11-12	3.208333	5.0	5.7	0.026167	25.0	0.027	0.586039	0.0	0.8	0.1086955	1.0	0.2
2014-11-13	4.858333	10.0	11.2	0.024792	28.0	0.03	0.64375	1.0	1.0	0.1020835	1.0	0.2
2014-11-14	11.383333	25.0	26.2	0.021292	28.0	0.03	0.7229165	1.0	1.1	0.2520835	6.0	0.9
2014-11-15	7.075	17.0	18.1	0.0225	25.0	0.027	1.08125	3.0	2.6	0.1583335	2.0	0.3
2014-11-16	5.404167	8.0	9.8	0.033458	35.0	0.038	0.7083335	1.0	1.0	0.164583	2.0	0.2
2014-11-17	4.254167	8.0	8.3	0.035875	35.0	0.038	0.6708335	0.0	0.8	0.147917	2.0	0.2
2014-11-18	5.879167	11.0	12.2	0.034333	35.0	0.038	0.6479165	0.0	0.8	0.175	2.0	0.4
2014-11-19	4.025	6.0	6.4	0.035542	36.0	0.039	0.9729165	3.0	2.3	0.127083	2.0	0.2
2014-11-20	9.383333	31.0	33.7	0.027708	32.0	0.035	0.725	1.0	1.0	0.2003619999999999	3.0	0.4
2014-11-21	5.295238	7.0	7.2	0.028917	31.0	0.034	0.839394	1.0	1.6	0.211508	3.0	0.3
2014-11-22	4.2375	5.0	5.0	0.020875	20.0	0.022	0.55	0.0	0.7	0.1916665	2.0	0.2
2014-11-23	3.529167	5.0	5.7	0.022875	25.0	0.027	0.5166664999999999	0.0	0.7	0.1875	2.0	0.2
2014-11-24	3.070833	5.0	5.7	0.02625	27.0	0.029	0.51875	0.0	0.6	0.1	1.0	0.1
2014-11-25	8.109091	17.0	18.2	0.019292	24.0	0.026	0.7060609999999999	1.0	1.2	0.1414775	2.0	0.3
2014-11-26	4.227273	8.0	8.0	0.021792	23.0	0.025	0.6230519999999999	0.0	0.8	0.1934785	2.0	0.3
2014-11-27	4.125	8.0	8.7	0.019042	19.0	0.021	1.31875	3.0	2.0	0.3125	5.0	0.4
2014-11-28	5.7125	8.0	9.5	0.012583	14.0	0.015	1.3770835	1.0	1.7	0.341667	5.0	0.4
2014-11-29	7.2125	12.0	13.3	0.015667	23.0	0.025	1.1541665	1.0	1.5	0.3708335	6.0	0.7
2014-11-30	3.075	8.0	8.0	0.023458	25.0	0.027	0.9625	3.0	2.1	0.135417	2.0	0.3
2014-12-01	5.4375	12.0	13.1	0.016083	17.0	0.018	1.0	1.0	1.6	0.28125	3.0	0.4
2014-12-02	7.166667	15.0	16.6	0.0115	14.0	0.015	1.0645835	1.0	1.6	0.327083	5.0	0.5
2014-12-03	6.0875	10.0	11.0	0.013292	15.0	0.016	0.8875	1.0	1.0	0.29375	5.0	0.4
2014-12-04	5.208333	7.0	7.8	0.010417	11.0	0.012	1.01875	1.0	1.3	0.297917	5.0	0.4
2014-12-05	7.645	9.0	10.7	0.008125	9.0	0.01	0.9666665	1.0	1.2	0.3658515	6.0	0.6
2014-12-06	7.041667	11.0	12.9	0.009917	10.0	0.011	0.9145835	1.0	1.1	0.36875	6.0	0.7
2014-12-07	5.116667	6.0	6.8	0.008667	11.0	0.012	0.8999999999999999	1.0	1.0	0.3083335	5.0	0.4
2014-12-08	4.033333	5.0	5.8	0.013708	17.0	0.018	0.7645835000000001	1.0	1.4	0.2125	3.0	0.3
2014-12-09	4.185714	6.0	6.2	0.007958	8.0	0.009	0.7979165	1.0	1.0	0.289394	3.0	0.4
2014-12-10	5.141667	7.0	7.7	0.007375	7.0	0.008	0.9020835	1.0	1.0	0.3	3.0	0.4
2014-12-11	5.05	6.0	6.5	0.005417	6.0	0.006	0.8119050000000001	0.0	0.9	0.2979165	3.0	0.3
2014-12-12	4.225	6.0	6.3	0.00525	6.0	0.006	0.7875	0.0	0.9	0.2895835	3.0	0.3
2014-12-13	3.816667	5.0	5.1	0.00475	6.0	0.006	0.7895835	0.0	0.9	0.3	3.0	0.4
2014-12-14	3.691667	5.0	5.0	0.003458	4.0	0.004	0.7729165	0.0	0.9	0.2875	3.0	0.3
2014-12-15	2.4	3.0	3.2	0.008833	16.0	0.017	0.58125	0.0	0.7	0.2020834999999999	2.0	0.3
2014-12-16	0.725	2.0	2.7	0.009708	15.0	0.016	0.64375	1.0	1.0	0.2166665	3.0	0.3
2014-12-17	0.216667	3.0	3.4	0.005875	6.0	0.007	0.7124999999999999	0.0	0.8	0.352083	6.0	0.8
2014-12-18	3.52381	8.0	8.9	0.004625	6.0	0.007	0.7270835	1.0	1.1	0.258144	3.0	0.3
2014-12-19	5.234783	6.0	6.4	0.004375	5.0	0.005	0.6022725	0.0	0.7	0.1977275	2.0	0.2
2014-12-20	5.654167	8.0	9.4	0.004708	5.0	0.005	0.6041665	0.0	0.8	0.2020834999999999	2.0	0.3
2014-12-21	4.945833	9.0	10.4	0.0045	6.0	0.006	0.5583335	1.0	1.0	0.1979165	2.0	0.2
2014-12-22	7.0875	10.0	11.9	0.003583	5.0	0.005	0.575	0.0	0.8	0.25625	3.0	0.4
2014-12-23	6.409091	11.0	12.2	0.006125	7.0	0.008	1.742208	11.0	8.0	0.3594205	6.0	0.7
2014-12-24	5.077273	12.0	13.7	0.00675	7.0	0.008	1.2979165	10.0	7.3	0.2333335	3.0	0.5
2014-12-25	3.991667	5.0	5.7	0.006667	8.0	0.009	0.7708335	0.0	0.8	0.2	2.0	0.2
2014-12-26	3.370833	4.0	4.7	0.007708	8.0	0.009	0.7020835000000001	0.0	0.8	0.23125	3.0	0.3
2014-12-27	6.804167	10.0	11.2	0.009167	10.0	0.011	0.6375	0.0	0.8	0.2583335	3.0	0.3
2014-12-28	10.75	23.0	24.3	0.007333	8.0	0.009	0.725	1.0	1.6	0.3	5.0	0.5
2014-12-29	4.583333	7.0	7.4	0.010042	12.0	0.013	0.7041664999999999	0.0	0.8	0.2125	3.0	0.3
2014-12-30	7.541667	15.0	16.4	0.009292	10.0	0.011	1.1520835	9.0	6.7	0.2854164999999999	3.0	0.4
2014-12-31	6.370833	12.0	13.6	0.010579	10.0	0.011	0.65625	0.0	0.7	0.20625	2.0	0.3
2015-01-01	10.525	29.0	31.4	0.011292	13.0	0.014	0.6479165	0.0	0.7	0.2407895	5.0	0.5
2015-01-02	6.568182	8.0	9.8	0.009292	9.0	0.01	0.738961	1.0	1.1	0.2125	5.0	0.4
2015-01-03	5.366667	11.0	12.9	0.020125	27.0	0.029	0.63125	0.0	0.9	0.2020834999999999	2.0	0.3
2015-01-04	3.525	6.0	6.2	0.016625	21.0	0.023	0.7854165	1.0	1.0	0.1979165	2.0	0.2
2015-01-05	9.520833	16.0	17.4	0.009917	10.0	0.011	0.7541665	1.0	1.0	0.26875	3.0	0.4
2015-01-06	9.654167	18.0	19.4	0.0165	22.0	0.024	0.9083335	1.0	1.6	0.25	3.0	0.3
2015-01-07	6.895833	13.0	14.8	0.015583	19.0	0.021	0.9541665	1.0	1.7	0.2145835	3.0	0.3
2015-01-08	4.145833	7.0	7.8	0.026083	30.0	0.032	1.25	3.0	2.2	0.1937499999999999	3.0	0.3
2015-01-09	7.627273	19.0	20.8	0.0165	25.0	0.027	0.856818	1.0	1.7	0.211553	3.0	0.4
2015-01-10	8.5125	17.0	18.6	0.011792	12.0	0.013	0.6625	0.0	0.7	0.266667	3.0	0.4
2015-01-11	8.7375	20.0	21.3	0.011042	11.0	0.012	0.7770835	1.0	1.0	0.252083	3.0	0.3
2015-01-12	11.141667	26.0	28.9	0.010958	12.0	0.013	0.7625	0.0	0.9	0.2645834999999999	5.0	0.5
2015-01-13	7.9	10.0	11.1	0.01	10.0	0.011	0.7583335	1.0	1.1	0.2479164999999999	5.0	0.4
2015-01-14	11.379167	24.0	25.0	0.010542	12.0	0.013	0.70625	0.0	0.8	0.275	5.0	0.5
2015-01-15	9.016667	13.0	14.9	0.010958	11.0	0.012	0.6958335	0.0	0.8	0.2479164999999999	3.0	0.3
2015-01-16	17.489474	26.0	28.0	0.004917	8.0	0.009	0.732143	1.0	1.0	0.397619	7.0	0.9
2015-01-17	7.8125	19.0	20.5	0.014	19.0	0.02	0.6520835	0.0	0.8	0.26875	7.0	0.6
2015-01-18	10.508333	25.0	26.2	0.010125	11.0	0.012	0.6020835	0.0	0.7	0.24375	5.0	0.5
2015-01-19	10.6875	17.0	18.1	0.008542	10.0	0.011	0.61875	0.0	0.7	0.2770829999999999	5.0	0.4
2015-01-20	6.7125	12.0	13.2	0.008125	9.0	0.01	0.6166665	0.0	0.7	0.20625	2.0	0.3
2015-01-21	5.9625	8.0	9.3	0.007958	9.0	0.01	0.625	0.0	0.7	0.2875	3.0	0.3
2015-01-22	6.666667	13.0	14.3	0.009	9.0	0.01	0.6045455000000001	0.0	0.7	0.2450755	3.0	0.3
2015-01-23	6.34	7.0	7.8	0.0075	8.0	0.009	0.6479165	0.0	0.8	0.275	5.0	0.7
2015-01-24	8.3625	19.0	20.0	0.007542	9.0	0.01	0.6229165000000001	0.0	0.7	0.227083	3.0	0.3
2015-01-25	5.5375	9.0	10.8	0.007125	7.0	0.008	0.6375	0.0	0.7	0.21875	3.0	0.3
2015-01-26	6.120833	12.0	13.3	0.00825	12.0	0.013	0.6583335	0.0	0.9	0.2125	3.0	0.3
2015-01-27	9.783333	17.0	18.0	0.006	6.0	0.007	0.6041665	0.0	0.7	0.2666665	5.0	0.5
2015-01-28	4.552381	9.0	10.9	0.00775	15.0	0.016	0.61875	0.0	0.8	0.2125	3.0	0.3
2015-01-29	3.013636	3.0	3.8	0.014917	17.0	0.018	0.7312500000000001	1.0	1.1	0.2	2.0	0.2
2015-01-30	5.420833	9.0	10.1	0.006583	10.0	0.011	0.622619	1.0	1.0	0.2065215	2.0	0.3
2015-01-31	5.1125	10.0	11.1	0.008417	17.0	0.018	0.6020835	0.0	0.7	0.2354165	3.0	0.4
2015-02-01	3.1125	7.0	7.4	0.018375	23.0	0.025	0.6916665	1.0	1.0	0.210417	3.0	0.3
2015-02-02	13.8	25.0	26.9	0.008625	10.0	0.011	0.6104165	0.0	0.7	0.3208335	5.0	0.5
2015-02-03	10.209524	18.0	19.5	0.00825	11.0	0.012	0.64375	0.0	0.8	0.30625	5.0	0.4
2015-02-04	7.820833	24.0	25.1	0.013583	18.0	0.019	0.84375	1.0	1.4	0.2791665	3.0	0.4
2015-02-05	7.991667	21.0	22.0	0.010792	11.0	0.012	0.6604165	0.0	0.7	0.225	3.0	0.4
2015-02-06	11.729167	19.0	20.3	0.007667	11.0	0.012	0.6403725	0.0	0.8	0.280871	3.0	0.4
2015-02-07	14.204167	22.0	23.9	0.006167	6.0	0.007	0.6645835	0.0	0.9	0.3645835	6.0	0.6
2015-02-08	6.954167	9.0	10.8	0.006667	10.0	0.011	0.6041665	0.0	0.7	0.2854165	3.0	0.3
2015-02-09	5.540909	7.0	7.3	0.0075	10.0	0.011	0.6020835	0.0	0.7	0.2854164999999999	3.0	0.3
2015-02-10	4.7	7.0	7.1	0.010708	20.0	0.022	0.7208335	1.0	1.5	0.202174	2.0	0.3
2015-02-11	3.045833	4.0	4.8	0.02375	26.0	0.028	0.9625	1.0	1.8	0.1979165	2.0	0.2
2015-02-12	5.375	8.0	9.0	0.010875	17.0	0.018	0.741558	1.0	1.1	0.2395834999999999	3.0	0.3
2015-02-13	8.2625	22.0	23.6	0.010667	17.0	0.018	0.8	1.0	1.2	0.283062	5.0	0.8
2015-02-14	2.8	3.0	3.9	0.016042	23.0	0.025	0.6854165000000001	0.0	0.8	0.229167	3.0	0.3
2015-02-15	3.775	5.0	5.7	0.009833	10.0	0.011	0.6666664999999999	1.0	1.0	0.208333	3.0	0.3
2015-02-16	4.758333	9.0	10.3	0.013917	17.0	0.018	0.6958335	0.0	0.8	0.225	3.0	0.3
2015-02-17	3.94	4.0	4.9	0.023083	27.0	0.029	0.7124999999999999	1.0	1.1	0.2041664999999999	2.0	0.3
2015-02-18	6.942222	20.0	21.0	0.0202705	27.0	0.029	0.77604175	1.0	1.3	0.22450174999999994	3.0	0.5
2015-02-19	6.942222	20.0	21.0	0.0202705	27.0	0.029	0.77604175	1.0	1.3	0.22450174999999994	3.0	0.5
2015-02-20	6.942222	20.0	21.0	0.0202705	27.0	0.029	0.77604175	1.0	1.3	0.22450174999999994	3.0	0.5
2015-02-21	6.942222	20.0	21.0	0.0202705	27.0	0.029	0.77604175	1.0	1.3	0.22450174999999994	3.0	0.5
2015-02-22	6.942222	20.0	21.0	0.0202705	27.0	0.029	0.77604175	1.0	1.3	0.22450174999999994	3.0	0.5
2015-02-23	6.942222	20.0	21.0	0.0202705	27.0	0.029	0.77604175	1.0	1.3	0.22450174999999994	3.0	0.5
2015-02-24	6.942222	20.0	21.0	0.0202705	27.0	0.029	0.77604175	1.0	1.3	0.22450174999999994	3.0	0.5
2015-02-25	6.942222	20.0	21.0	0.0202705	27.0	0.029	0.77604175	1.0	1.3	0.22450174999999994	3.0	0.5
2015-02-26	6.942222	20.0	21.0	0.0202705	27.0	0.029	0.77604175	1.0	1.3	0.22450174999999994	3.0	0.5
2015-02-27	6.942222	20.0	21.0	0.0202705	27.0	0.029	0.77604175	1.0	1.3	0.22450174999999994	3.0	0.5
2015-02-28	6.942222	20.0	21.0	0.0202705	27.0	0.029	0.77604175	1.0	1.3	0.22450174999999994	3.0	0.5
2015-03-01	6.942222	20.0	21.0	0.0202705	27.0	0.029	0.77604175	1.0	1.3	0.22450174999999994	3.0	0.5
2015-03-02	6.942222	20.0	21.0	0.0202705	27.0	0.029	0.77604175	1.0	1.3	0.22450174999999994	3.0	0.5
2015-03-03	6.942222	20.0	21.0	0.0202705	27.0	0.029	0.77604175	1.0	1.3	0.22450174999999994	3.0	0.5
2015-03-04	9.944444	20.0	21.0	0.017458	27.0	0.029	0.8395835	1.0	1.3	0.244837	3.0	0.5
2015-03-05	16.483333	36.0	38.2	0.009083	10.0	0.011	0.725	0.0	0.9	0.3229165	6.0	0.7
2015-03-06	14.926087	33.0	35.1	0.009792	12.0	0.013	0.7772725	1.0	1.4	0.2979165	5.0	0.8
2015-03-07	9.05	28.0	30.4	0.01175	13.0	0.014	0.7458335	1.0	1.0	0.275	6.0	0.6
2015-03-08	9.366667	21.0	22.6	0.012542	14.0	0.015	0.7	0.0	0.7	0.2833335	5.0	0.4
2015-03-09	6.1625	10.0	11.0	0.011042	12.0	0.013	0.6729165	0.0	0.7	0.2229165	3.0	0.3
2015-03-10	8.620833	22.0	23.6	0.011958	15.0	0.016	0.725	0.0	0.9	0.2416665	3.0	0.5
2015-03-11	8.386364	21.0	22.8	0.008875	11.0	0.012	0.7208334999999999	0.0	0.8	0.2872285	6.0	0.8
2015-03-12	4.225	5.0	5.6	0.011417	13.0	0.014	0.7916664999999999	0.0	0.9	0.2145834999999999	3.0	0.3
2015-03-13	6.995833	21.0	22.0	0.014125	22.0	0.024	0.8275975	1.0	1.5	0.2354165	3.0	0.5
2015-03-14	4.691667	8.0	9.7	0.012292	13.0	0.014	0.6791665	0.0	0.8	0.2270835	3.0	0.3
2015-03-15	4.354167	15.0	16.9	0.010875	12.0	0.013	0.7270835	0.0	0.8	0.2291665	3.0	0.5
2015-03-16	3.191667	7.0	7.4	0.015542	19.0	0.021	0.6979165	0.0	0.8	0.2083335	3.0	0.3
2015-03-17	4.55	10.0	11.1	0.018875	24.0	0.026	0.69375	0.0	0.8	0.219384	3.0	0.3
2015-03-18	4.125	6.0	6.4	0.011292	13.0	0.014	0.7041664999999999	0.0	0.8	0.252083	3.0	0.3
2015-03-19	4.022727	8.0	8.0	0.009667	13.0	0.014	0.8152174999999999	1.0	1.7	0.2291665	3.0	0.3
2015-03-20	6.625	18.0	19.5	0.008958	14.0	0.015	0.7208335	0.0	0.9	0.245833	5.0	0.5
2015-03-21	2.5625	4.0	4.1	0.010875	12.0	0.013	0.7020835000000001	0.0	0.8	0.2020834999999999	2.0	0.3
2015-03-22	2.025	2.0	2.4	0.012042	13.0	0.014	0.7	0.0	0.7	0.1979165	2.0	0.2
2015-03-23	3.054167	4.0	4.1	0.008917	9.0	0.01	0.7020835000000001	0.0	0.8	0.2604165	3.0	0.3
2015-03-24	4.2625	6.0	6.0	0.006083	7.0	0.008	0.7270835	0.0	0.8	0.28125	3.0	0.3
2015-03-25	3.0625	6.0	6.4	0.016958	23.0	0.025	0.7645835000000001	1.0	1.1	0.2208335	3.0	0.3
2015-03-26	4.313636	9.0	10.4	0.010292	12.0	0.013	0.731056	1.0	1.4	0.2196969999999999	3.0	0.3
2015-03-27	6.295455	17.0	18.9	0.009125	9.0	0.01	0.6811689999999999	0.0	0.9	0.240489	3.0	0.5
2015-03-28	3.0625	4.0	4.5	0.0125	14.0	0.015	0.7104165	0.0	0.8	0.1979165	2.0	0.2
2015-03-29	3.858333	15.0	16.1	0.020208	29.0	0.031	0.6479165	0.0	0.9	0.2041664999999999	2.0	0.3
2015-03-30	5.404167	15.0	16.4	0.014958	19.0	0.021	0.6770835	0.0	0.7	0.2333335	3.0	0.4
2015-03-31	7.691667	19.0	20.6	0.011208	12.0	0.013	0.7312500000000001	1.0	1.0	0.2479164999999999	5.0	0.5
2015-04-01	3.441667	4.0	4.5	0.017542	19.0	0.02	0.7291665	1.0	1.2	0.1979165	2.0	0.2
2015-04-02	3.990476	10.0	11.8	0.017208	23.0	0.025	0.748701	1.0	1.3	0.2065215	2.0	0.3
2015-04-03	2.929167	8.0	8.9	0.017458	22.0	0.024	0.7479165000000001	1.0	1.1	0.2	2.0	0.2
2015-04-04	4.370833	8.0	9.8	0.013417	16.0	0.017	0.6812499999999999	0.0	0.8	0.20625	2.0	0.3
2015-04-05	3.45	4.0	4.2	0.010708	14.0	0.015	0.7	0.0	0.7	0.2041664999999999	2.0	0.3
2015-04-06	4.120833	5.0	5.5	0.007	7.0	0.008	0.6729165	0.0	0.7	0.2604165	3.0	0.3
2015-04-07	3.9375	5.0	5.1	0.006208	6.0	0.007	0.63125	0.0	0.7	0.2604165	3.0	0.3
2015-04-08	4.138095	5.0	5.9	0.005958	6.0	0.006	0.6416664999999999	0.0	0.7	0.2660325	3.0	0.3
2015-04-09	3.979167	6.0	6.8	0.012083	14.0	0.015	0.6062500000000001	0.0	0.7	0.254167	3.0	0.3
2015-04-10	4.9	16.0	17.8	0.015625	17.0	0.018	0.652381	0.0	0.7	0.2166664999999999	3.0	0.4
2015-04-11	3.833333	5.0	5.0	0.016792	20.0	0.022	0.6895834999999999	0.0	0.8	0.2291665	3.0	0.3
2015-04-12	3.15	3.0	3.8	0.016833	19.0	0.021	0.7	1.0	1.1	0.2458329999999999	3.0	0.3
2015-04-13	5.841667	22.0	23.9	0.015167	19.0	0.021	0.6354165	0.0	0.8	0.2229165	3.0	0.5
2015-04-14	5.259091	23.0	24.2	0.013167	18.0	0.019	0.6979165	0.0	0.8	0.241667	5.0	0.5
2015-04-15	4.070833	7.0	7.3	0.014083	16.0	0.017	0.6791665	0.0	0.7	0.1979165	2.0	0.2
2015-04-16	6.5125	13.0	14.7	0.01125	13.0	0.014	0.6833335	0.0	0.7	0.2375	3.0	0.4
2015-04-17	6.3625	9.0	10.2	0.014417	18.0	0.019	0.6833334999999999	0.0	0.8	0.2863635	3.0	0.3
2015-04-18	4.8455355	9.0	10.2	0.0173125	28.0	0.03	0.70128225	0.0	0.9	0.24125875	3.0	0.3
2015-04-19	4.8455355	9.0	10.2	0.0173125	28.0	0.03	0.70128225	0.0	0.9	0.24125875	3.0	0.3
2015-04-20	4.8455355	9.0	10.2	0.0173125	28.0	0.03	0.70128225	0.0	0.9	0.24125875	3.0	0.3
2015-04-21	3.328571	5.0	5.6	0.020208	28.0	0.03	0.719231	0.0	0.9	0.196154	2.0	0.2
2015-04-22	3.779167	8.0	8.0	0.017292	19.0	0.021	0.76875	3.0	2.0	0.2083335	2.0	0.3
2015-04-23	4.354167	8.0	9.5	0.016125	19.0	0.02	0.7458335	1.0	1.2	0.2172345	3.0	0.3
2015-04-24	4.458333	5.0	5.4	0.009625	11.0	0.012	0.6484845	0.0	0.7	0.2	2.0	0.2
2015-04-25	3.683333	5.0	5.5	0.011875	14.0	0.015	0.6125	0.0	0.7	0.2520835	3.0	0.3
2015-04-26	5.05	8.0	9.3	0.014792	18.0	0.019	0.6687500000000001	1.0	1.3	0.21875	3.0	0.3
2015-04-27	8.6875	21.0	22.8	0.017375	24.0	0.026	0.7270835	1.0	1.4	0.2499999999999999	3.0	0.5
2015-04-28	10.516667	28.0	30.2	0.012083	17.0	0.018	0.6979165	0.0	0.9	0.266667	5.0	0.4
2015-04-29	7.945833	17.0	18.0	0.014292	18.0	0.019	0.6833335	0.0	0.8	0.225	3.0	0.4
2015-04-30	7.679167	22.0	23.7	0.015292	19.0	0.02	0.7145835	0.0	0.8	0.233333	3.0	0.5
2015-05-01	5.081818	8.0	8.4	0.010722	13.0	0.014	0.6625	0.0	0.9	0.2022725	2.0	0.3
2015-05-02	6.416667	10.0	11.5	0.012333	16.0	0.017	0.6875	0.0	0.9	0.2125	2.0	0.3
2015-05-03	4.4625	7.0	7.6	0.015167	19.0	0.021	0.6125	0.0	0.7	0.2	2.0	0.2
2015-05-04	4.270833	6.0	6.0	0.014667	17.0	0.018	0.6166665	0.0	0.7	0.2	2.0	0.2
2015-05-05	5.416667	8.0	8.0	0.008208	10.0	0.011	0.6583335	1.0	1.2	0.225	3.0	0.3
2015-05-06	4.170833	6.0	6.7	0.009917	14.0	0.015	0.6125	0.0	0.7	0.1979165	2.0	0.2
2015-05-07	4.366667	7.0	7.3	0.005917	7.0	0.008	0.6	0.0	0.6	0.1979165	2.0	0.2
2015-05-08	3.363636	4.0	4.9	0.008417	9.0	0.01	0.278788	0.0	0.7	0.2	2.0	0.2
2015-05-09	3.2625	4.0	4.1	0.010708	13.0	0.014	0.1	0.0	0.1	0.2	2.0	0.2
2015-05-10	3.7375	5.0	5.3	0.008	10.0	0.011	0.0645835	0.0	0.1	0.1979165	2.0	0.2
2015-05-11	2.228571	4.0	4.2	0.016208	19.0	0.021	0.025	0.0	0.2	0.160417	2.0	0.2
2015-05-12	4.495833	8.0	8.0	0.020875	23.0	0.025	0.00625	0.0	0.1	0.169697	2.0	0.2
2015-05-13	3.708333	4.0	4.7	0.024833	32.0	0.035	0.0785715	0.0	0.6	0.1958335	2.0	0.2
2015-05-14	5.517647	12.0	13.2	0.013857	18.0	0.019	0.0652939999999999	0.0	0.2	0.2088235	2.0	0.3
2015-05-15	4.445833	6.0	6.0	0.0105	12.0	0.013	0.0104165	0.0	0.1	0.1979165	2.0	0.2
2015-05-16	3.908333	6.0	6.1	0.009125	13.0	0.014	0.0104165	0.0	0.1	0.1979165	2.0	0.2
2015-05-17	2.5125	3.0	3.9	0.013458	18.0	0.019	0.0	0.0	0.0	0.1916665	2.0	0.2
2015-05-18	1.291667	2.0	2.0	0.023125	23.0	0.025	0.0854165	0.0	0.6	0.1	1.0	0.1
2015-05-19	2.158333	5.0	5.6	0.021083	22.0	0.024	0.0	0.0	0.0	0.127083	2.0	0.2
2015-05-20	5.2375	14.0	15.3	0.021583	24.0	0.026	0.0104165	0.0	0.1	0.1979165	2.0	0.3
2015-05-21	7.295833	22.0	23.8	0.021417	24.0	0.026	0.1392855	0.0	0.5	0.1785715	3.0	0.4
2015-05-22	9.881818	24.0	25.3	0.02125	25.0	0.027	0.2065215	1.0	1.3	0.2634965	5.0	0.5
2015-05-23	4.216667	6.0	6.6	0.017167	20.0	0.022	0.0354165	0.0	0.1	0.18125	2.0	0.2
2015-05-24	3.7	4.0	4.6	0.013417	16.0	0.017	0.0	0.0	0.0	0.2	2.0	0.2
2015-05-25	3.545833	6.0	6.9	0.01525	16.0	0.017	0.0125	0.0	0.1	0.2020834999999999	2.0	0.3
2015-05-26	4.754167000000001	11.0	12.5	0.0280416666666666	41.0	0.044	0.0625	0.0	0.3	0.20625	2.0	0.3
2015-05-27	6.308333	14.0	15.4	0.0519643333333333	122.0	0.077	0.1354165	0.0	0.4	0.2041665	2.0	0.3
2015-05-28	3.672727	7.0	7.0	0.046875	67.0	0.06	0.3333335	0.0	0.8	0.1479165	2.0	0.2
2015-05-29	3.158333	8.0	8.8	0.027958	29.0	0.031	0.0993785	0.0	0.8	0.1454545	2.0	0.2
2015-05-30	1.958333	8.0	8.5	0.033292	42.0	0.045	0.0416665	0.0	0.1	0.1145829999999999	2.0	0.3
2015-05-31	3.229167	8.0	8.3	0.03225	38.0	0.041	0.1	0.0	0.1	0.1229165	2.0	0.2
2015-06-01	3.408333	6.0	6.7	0.042792	61.0	0.058	0.3625	0.0	0.8	0.1083335	1.0	0.2
2015-06-02	3.383333	5.0	5.0	0.039792	48.0	0.052	0.8291664999999999	1.0	1.5	0.1479165	2.0	0.2
2015-06-03	4.254167	10.0	11.9	0.035708	51.0	0.055	0.1625	0.0	0.6	0.1375	2.0	0.2
2015-06-04	3.461905	6.0	6.6	0.034583	47.0	0.051	0.1298705	0.0	0.6	0.12803	2.0	0.2
2015-06-05	2.772727	4.0	4.7	0.040765	50.0	0.054	0.077019	0.0	0.1	0.17029	2.0	0.2
2015-06-06	2.354167	3.0	3.2	0.041125	47.0	0.051	0.1770835	0.0	0.4	0.1895835	2.0	0.2
2015-06-07	2.233333	4.0	4.0	0.043	47.0	0.051	0.0729165	0.0	0.6	0.15625	2.0	0.2
2015-06-08	5.675	13.0	14.9	0.051625	93.0	0.068	0.3083335	0.0	0.6	0.1625	2.0	0.4
2015-06-09	5.285714	8.0	8.6	0.043375	50.0	0.054	0.2979165	1.0	1.6	0.1361415	2.0	0.2
2015-06-10	3.829167	9.0	10.8	0.046792	64.0	0.059	0.3125	1.0	1.3	0.20625	3.0	0.3
2015-06-11	2.675	4.0	4.6	0.039292	44.0	0.047	0.1208335	0.0	0.4	0.270833	3.0	0.3
2015-06-12	2.8	5.0	5.6	0.039917	44.0	0.048	0.0603895	0.0	0.4	0.202174	2.0	0.3
2015-06-13	2.158333	4.0	4.9	0.040708	46.0	0.05	0.0979164999999999	0.0	0.4	0.2	2.0	0.2
2015-06-14	2.7375	7.0	7.7	0.043958	51.0	0.055	0.10625	0.0	0.4	0.1729165	2.0	0.2
2015-06-15	3.204167	8.0	8.5	0.040375	47.0	0.051	0.1458335	1.0	1.1	0.1166665	2.0	0.2
2015-06-16	4.895833	11.0	12.9	0.03325	36.0	0.039	0.1708335	0.0	0.9	0.14375	2.0	0.2
2015-06-17	3.920833	7.0	7.3	0.031083	37.0	0.04	0.1479165	0.0	0.5	0.14375	2.0	0.2
2015-06-18	6.35	14.0	15.3	0.037042	50.0	0.054	0.0636365	0.0	0.1	0.1892045	2.0	0.3
2015-06-19	4.9	10.0	11.1	0.050125	67.0	0.06	0.5770835000000001	3.0	2.5	0.1937499999999999	2.0	0.2
2015-06-20	3.708333	11.0	12.0	0.047583	67.0	0.06	0.1166665	0.0	0.5	0.125	2.0	0.3
2015-06-21	4.179167	8.0	9.6	0.046208	80.0	0.064	0.1354165	1.0	1.0	0.1333335	2.0	0.3
2015-06-22	3.3875	8.0	9.4	0.043333	51.0	0.055	0.3958335	3.0	2.6	0.1124999999999999	1.0	0.2
2015-06-23	8.816667	24.0	25.4	0.037667	51.0	0.055	0.1687499999999999	0.0	0.6	0.227083	3.0	0.5
2015-06-24	4.470833	8.0	9.9	0.034375	43.0	0.046	0.0958334999999999	0.0	0.2	0.1145829999999999	2.0	0.2
2015-06-25	5.690909	11.0	12.5	0.04075	51.0	0.055	0.2333335	3.0	2.0	0.1854164999999999	2.0	0.3
2015-06-26	4.295833	10.0	11.5	0.040958	47.0	0.051	0.179193	0.0	0.5	0.1329545	2.0	0.2
2015-06-27	4.8625	13.0	14.5	0.044208	64.0	0.059	0.2354165	1.0	1.2	0.158333	2.0	0.3
2015-06-28	3.683333	13.0	14.5	0.043833	58.0	0.057	0.1104165	0.0	0.3	0.18125	3.0	0.4
2015-06-29	7.1125	12.0	13.8	0.038208	48.0	0.052	0.3458335	1.0	1.0	0.2645834999999999	3.0	0.4
2015-06-30	8.627273	15.0	16.8	0.025917	34.0	0.037	0.152381	0.0	0.3	0.280888	3.0	0.4
2015-07-01	3.8125	6.0	6.1	0.032458	40.0	0.043	0.0458335	0.0	0.1	0.2166664999999999	3.0	0.3
2015-07-02	4.9125	14.0	15.1	0.025333	37.0	0.04	0.0854165	0.0	0.2	0.19375	3.0	0.4
2015-07-03	6.329167	11.0	12.8	0.038625	50.0	0.054	0.1229165	0.0	0.4	0.28125	5.0	0.4
2015-07-04	2.683333	4.0	4.3	0.047667	64.0	0.059	0.1375	1.0	1.0	0.2104165	3.0	0.3
2015-07-05	2.725	4.0	4.4	0.047292	58.0	0.057	0.4833334999999999	1.0	1.4	0.1895835	2.0	0.2
2015-07-06	2.525	5.0	5.7	0.035167	40.0	0.043	0.0979164999999999	0.0	0.3	0.375	8.0	1.0
2015-07-07	3.004167	7.0	7.2	0.035792	42.0	0.045	0.0541665	0.0	0.2	0.1666665	5.0	0.4
2015-07-08	3.091667	5.0	5.2	0.040875	47.0	0.051	0.1833334999999999	0.0	0.9	0.1020835	1.0	0.2
2015-07-09	4.770833	8.0	9.4	0.042917	58.0	0.057	0.1333335	0.0	0.3	0.2333334999999999	3.0	0.4
2015-07-10	3.036364	5.0	5.5	0.045042	61.0	0.058	0.1694805	1.0	1.1	0.2869565	3.0	0.3
2015-07-11	2.1375	3.0	3.1	0.038833	49.0	0.053	0.01875	0.0	0.1	0.1604165	3.0	0.3
2015-07-12	2.283333	6.0	6.5	0.038917	51.0	0.055	0.0	0.0	0.0	0.1020835	1.0	0.2
2015-07-13	3.566667	9.0	10.9	0.040833	46.0	0.05	0.0666664999999999	0.0	0.1	0.1645835	2.0	0.2
2015-07-14	3.922727	9.0	10.8	0.042083	48.0	0.052	0.2453415	3.0	2.0	0.18125	2.0	0.2
2015-07-15	2.48	3.0	3.3	0.036125	41.0	0.044	0.01	0.0	0.2	0.1734844999999999	2.0	0.2
2015-07-16	3.3536365000000004	9.0	10.0	0.033520999999999995	41.0	0.044	0.04770825	0.0	0.3	0.14715874999999995	2.0	0.2
2015-07-17	3.3536365000000004	9.0	10.0	0.033520999999999995	41.0	0.044	0.04770825	0.0	0.3	0.14715874999999995	2.0	0.2
2015-07-18	3.3536365000000004	9.0	10.0	0.033520999999999995	41.0	0.044	0.04770825	0.0	0.3	0.14715874999999995	2.0	0.2
2015-07-19	3.3536365000000004	9.0	10.0	0.033520999999999995	41.0	0.044	0.04770825	0.0	0.3	0.14715874999999995	2.0	0.2
2015-07-20	4.227273	9.0	10.0	0.030917	38.0	0.041	0.0854165	0.0	0.3	0.120833	2.0	0.2
2015-07-21	5.2	13.0	14.3	0.0325	40.0	0.043	0.14375	0.0	0.7	0.18125	2.0	0.3
2015-07-22	2.4625	4.0	4.8	0.037583	46.0	0.05	0.4541665	1.0	1.1	0.15625	2.0	0.2
2015-07-23	2.558333	4.0	4.1	0.044833	71.0	0.061	0.3479164999999999	1.0	1.2	0.1937499999999999	2.0	0.2
2015-07-24	2.709091	4.0	4.6	0.041	48.0	0.052	0.1488095	0.0	0.4	0.1429925	2.0	0.2
2015-07-25	2.591667	6.0	6.7	0.0405	43.0	0.046	0.0833335	0.0	0.2	0.1083335	1.0	0.2
2015-07-26	2.075	4.0	4.4	0.04225	47.0	0.051	0.0229165	0.0	0.1	0.1	1.0	0.1
2015-07-27	2.508333	4.0	4.9	0.042125	50.0	0.054	0.03125	0.0	0.2	0.11875	2.0	0.2
2015-07-28	3.266667	8.0	8.1	0.042167	44.0	0.048	0.04375	0.0	0.1	0.138095	2.0	0.2
2015-07-29	5.320833	14.0	15.9	0.032167	41.0	0.044	0.10625	0.0	0.3	0.1354165	2.0	0.3
2015-07-30	6.441667	13.0	14.5	0.03525	46.0	0.05	0.1291665	0.0	0.2	0.1895835	2.0	0.4
2015-07-31	6.209091	15.0	16.3	0.03575	46.0	0.05	0.323052	1.0	1.0	0.1708335	3.0	0.3
2015-08-01	2.883333	6.0	6.0	0.040958	46.0	0.05	0.2416665	3.0	2.1	0.15625	3.0	0.6
2015-08-02	1.841667	4.0	4.3	0.035042	42.0	0.045	0.11875	0.0	0.4	0.5375	7.0	0.6
2015-08-03	3.74	6.0	6.8	0.028417	38.0	0.041	0.2811689999999999	1.0	1.2	0.1744565	3.0	0.3
2015-08-04	2.85	8.0	9.8	0.031792	36.0	0.039	0.2125	0.0	0.8	0.125	2.0	0.2
2015-08-05	1.304167	5.0	5.3	0.038	43.0	0.046	0.1083335	0.0	0.3	0.13125	2.0	0.2
2015-08-06	1.2375	3.0	3.1	0.037958	45.0	0.049	0.0458335	0.0	0.1	0.15	2.0	0.2
2015-08-07	1.666667	7.0	7.3	0.041417	50.0	0.054	0.075	0.0	0.2	0.1479165	2.0	0.4
2015-08-08	1.029167	3.0	3.7	0.040625	49.0	0.053	0.2375	0.0	0.6	0.141667	2.0	0.2
2015-08-09	1.279167	3.0	3.4	0.032208	39.0	0.042	0.0083335	0.0	0.1	0.1020835	1.0	0.2
2015-08-10	3.420833	14.0	15.9	0.022375	31.0	0.033	0.0416665	0.0	0.2	0.125	2.0	0.4
2015-08-11	5.541667	15.0	16.3	0.030708	40.0	0.043	0.1270835	0.0	0.2	0.2208335	5.0	0.5
2015-08-12	2.195833	7.0	7.3	0.038708	45.0	0.049	0.10625	0.0	0.2	0.1520834999999999	2.0	0.2
2015-08-13	2.633333	5.0	5.6	0.034917	38.0	0.041	0.0625	0.0	0.1	0.1708335	2.0	0.2
2015-08-14	2.1375	3.0	3.8	0.044292	61.0	0.058	0.1207795	0.0	0.3	0.190909	2.0	0.2
2015-08-15	1.1479165	3.0	3.8	0.042083499999999996	61.0	0.058	0.137013	0.0	0.4	0.16995625	2.0	0.2
2015-08-16	1.1479165	3.0	3.8	0.042083499999999996	61.0	0.058	0.137013	0.0	0.4	0.16995625	2.0	0.2
2015-08-17	1.1479165	3.0	3.8	0.042083499999999996	61.0	0.058	0.137013	0.0	0.4	0.16995625	2.0	0.2
2015-08-18	1.1479165	3.0	3.8	0.042083499999999996	61.0	0.058	0.137013	0.0	0.4	0.16995625	2.0	0.2
2015-08-19	1.1479165	3.0	3.8	0.042083499999999996	61.0	0.058	0.137013	0.0	0.4	0.16995625	2.0	0.2
2015-08-20	1.1479165	3.0	3.8	0.042083499999999996	61.0	0.058	0.137013	0.0	0.4	0.16995625	2.0	0.2
2015-08-21	0.158333	0.0	0.3	0.039875	44.0	0.047	0.1532465	0.0	0.4	0.1490035	2.0	0.2
2015-08-22	0.1	0.0	0.2	0.031	33.0	0.036	0.0416665	0.0	0.3	0.21875	3.0	0.4
2015-08-23	0.058333	0.0	0.5	0.02675	31.0	0.033	0.0708335	0.0	0.3	0.1020835	2.0	0.2
2015-08-24	0.340909	0.0	0.9	0.018125	22.0	0.024	0.1065214999999999	0.0	0.2	0.112953	2.0	0.2
2015-08-25	0.7	1.0	1.5	0.020917	31.0	0.034	0.1854164999999999	0.0	0.5	0.241667	3.0	0.5
2015-08-26	0.304348	0.0	0.6	0.0255	31.0	0.034	0.1924245	0.0	0.5	0.1149619999999999	2.0	0.2
2015-08-27	0.308333	0.0	0.7	0.033083	37.0	0.04	0.1645835	0.0	0.5	0.16875	2.0	0.2
2015-08-28	2.1	7.0	7.5	0.028778	39.0	0.042	0.0	0.0	0.0	0.2022725	2.0	0.3
2015-08-29	3.366667	6.0	6.8	0.022625	27.0	0.029	0.0354165	0.0	0.5	0.2020834999999999	2.0	0.3
2015-08-30	2.6625	4.0	4.8	0.022292	22.0	0.024	0.1875	1.0	1.0	0.1958335	2.0	0.2
2015-08-31	2.841667	5.0	5.0	0.033	38.0	0.041	0.0645835	0.0	0.1	0.2	2.0	0.2
2015-09-01	5.975	11.0	12.8	0.028417	32.0	0.035	0.1104165	0.0	0.2	0.2541664999999999	3.0	0.4
2015-09-02	3.9	6.0	6.5	0.036583	44.0	0.048	0.1041665	0.0	0.3	0.2	3.0	0.3
2015-09-03	3.829167	7.0	7.9	0.036833	45.0	0.049	0.1208334999999999	0.0	0.3	0.1937499999999999	2.0	0.2
2015-09-04	3.342857	5.0	5.3	0.01825	28.0	0.03	0.1075754999999999	0.0	0.3	0.1107789999999999	2.0	0.2
2015-09-05	2.454167	3.0	3.7	0.010708	11.0	0.012	0.15625	0.0	0.3	0.1	1.0	0.1
2015-09-06	2.183333	2.0	2.8	0.00875	9.0	0.01	0.0583334999999999	0.0	0.1	0.1	1.0	0.1
2015-09-07	2.666667	5.0	5.3	0.007625	8.0	0.009	0.0979164999999999	0.0	0.3	0.1333335	2.0	0.2
2015-09-08	5.795	14.0	15.2	0.021	33.0	0.036	0.2270835	1.0	1.0	0.172917	2.0	0.3
2015-09-09	5.15	11.0	12.9	0.029083	37.0	0.04	0.1479165	0.0	0.8	0.139583	2.0	0.2
2015-09-10	4.204545	8.0	9.2	0.024375	31.0	0.033	0.1583335	0.0	0.3	0.1125	2.0	0.2
2015-09-11	4.57619	10.0	11.6	0.020833	31.0	0.033	0.1151515	0.0	0.5	0.1221589999999999	2.0	0.2
2015-09-12	5.258333	13.0	14.1	0.0265	33.0	0.036	0.1397515	0.0	0.5	0.195833	3.0	0.5
2015-09-13	1.7125	2.0	2.3	0.032417	37.0	0.04	0.2208335	0.0	0.4	0.1020835	1.0	0.2
2015-09-14	2.958333	7.0	7.0	0.038083	44.0	0.047	0.2	0.0	0.3	0.10625	1.0	0.2
2015-09-15	2.670833	5.0	5.4	0.047333	50.0	0.054	0.2125	0.0	0.5	0.15	2.0	0.3
2015-09-16	2.881818	5.0	5.9	0.037958	41.0	0.044	0.1124999999999999	0.0	0.3	0.208333	3.0	0.5
2015-09-17	3.75	7.0	7.6	0.029875	35.0	0.038	0.1958335	0.0	0.6	0.2479164999999999	3.0	0.3
2015-09-18	5.630435	12.0	13.6	0.020611	22.0	0.024	0.1690475	0.0	0.8	0.1763585	2.0	0.2
2015-09-19	3.204167	6.0	6.1	0.025875	31.0	0.034	0.0875	0.0	0.3	0.1333335	2.0	0.2
2015-09-20	2.241667	3.0	3.1	0.034292	39.0	0.042	0.1833334999999999	0.0	0.5	0.1791665	2.0	0.2
2015-09-21	3.047619	5.0	5.7	0.029	37.0	0.04	0.1145835	0.0	0.2	0.1229165	2.0	0.2
2015-09-22	3.629167	8.0	8.0	0.027042	33.0	0.036	0.05	0.0	0.1	0.1395835	2.0	0.2
2015-09-23	4.45	12.0	13.7	0.031417	32.0	0.035	0.0354165	0.0	0.2	0.1291665	2.0	0.2
2015-09-24	2.870833	4.0	4.5	0.027958	31.0	0.034	0.0291664999999999	0.0	0.1	0.1041665	1.0	0.2
2015-09-25	4.868182	12.0	13.3	0.042333	50.0	0.054	0.2670805	0.0	0.7	0.2596015	3.0	0.4
2015-09-26	3.616667	8.0	9.7	0.0485	67.0	0.06	0.6	1.0	1.4	0.1916669999999999	3.0	0.3
2015-09-27	2.520833	3.0	3.9	0.0475	54.0	0.056	0.225	0.0	0.4	0.16875	2.0	0.2
2015-09-28	4.7125	12.0	13.0	0.028917	31.0	0.034	0.1375	0.0	0.4	0.1291665	2.0	0.2
2015-09-29	5.15	11.0	12.4	0.028542	34.0	0.037	0.1458335	0.0	0.2	0.20625	3.0	0.3
2015-09-30	3.770833	7.0	7.6	0.031125	35.0	0.038	0.1416665	0.0	0.2	0.1083335	2.0	0.2
2015-10-01	3.7125	8.0	9.9	0.027417	31.0	0.034	0.1375	0.0	0.3	0.1083335	1.0	0.2
2015-10-02	3.795455	8.0	8.6	0.02675	31.0	0.033	0.179193	0.0	0.4	0.0954545	1.0	0.2
2015-10-03	2.720833	4.0	4.7	0.027375	31.0	0.033	0.1333335	0.0	0.3	0.1208335	2.0	0.2
2015-10-04	2.375	4.0	4.1	0.026458	30.0	0.032	0.13125	0.0	0.2	0.0979164999999999	1.0	0.1
2015-10-05	5.620833	11.0	12.6	0.01975	20.0	0.022	0.44375	1.0	1.8	0.125	2.0	0.3
2015-10-06	7.091667	10.0	11.1	0.021083	27.0	0.029	0.25	1.0	1.0	0.16875	2.0	0.2
2015-10-07	5.283333	12.0	13.9	0.030083	36.0	0.039	0.2979165	0.0	0.8	0.177083	2.0	0.3
2015-10-08	3.195238	7.0	7.1	0.024333	25.0	0.027	0.20625	0.0	0.8	0.2828805	3.0	0.4
2015-10-09	5.995833	14.0	15.1	0.029667	34.0	0.037	0.171212	0.0	0.6	0.1785324999999999	2.0	0.3
2015-10-10	2.916667	7.0	7.1	0.034542	37.0	0.04	0.1791665	0.0	0.4	0.10625	2.0	0.2
2015-10-11	2.3875	5.0	5.0	0.035	40.0	0.043	0.18125	0.0	0.8	0.2020834999999999	3.0	0.4
2015-10-12	2.366667	5.0	5.9	0.029625	34.0	0.037	0.2145834999999999	1.0	1.6	0.2979165	3.0	0.4
2015-10-13	5.554167	10.0	11.8	0.025125	34.0	0.037	0.4583335	1.0	1.7	0.2	2.0	0.3
2015-10-14	11.066667	20.0	21.3	0.026333	36.0	0.039	0.2520835	0.0	0.4	0.25	3.0	0.5
2015-10-15	7.9	15.0	16.8	0.029125	36.0	0.039	0.8291664999999999	3.0	2.8	0.1937499999999999	3.0	0.3
2015-10-16	8.673913	20.0	21.8	0.023583	31.0	0.034	0.43323	1.0	1.9	0.1520834999999999	2.0	0.3
2015-10-17	1.208333	4.0	4.8	0.030667	34.0	0.037	0.5145835000000001	1.0	1.5	0.06875	2.0	0.2
2015-10-18	1.616667	2.0	2.8	0.039625	43.0	0.046	0.7104165	1.0	1.0	0.0854165	1.0	0.2
2015-10-19	3.341667	14.0	15.0	0.034875	44.0	0.047	0.3666665	1.0	1.1	0.16875	2.0	0.4
2015-10-20	9.979167	27.0	29.7	0.02925	41.0	0.044	0.5604165000000001	1.0	1.5	0.170833	3.0	0.5
2015-10-21	1.4375	8.0	9.4	0.022125	28.0	0.03	0.8083335	6.0	4.1	0.2229165	3.0	0.4
2015-10-22	2.713636	8.0	9.2	0.023042	29.0	0.031	0.39375	3.0	2.2	0.247159	5.0	0.7
2015-10-23	3.421739	9.0	10.1	0.0225	24.0	0.026	0.092857	0.0	0.4	0.1	1.0	0.1
2015-10-24	5.879167	24.0	25.2	0.024042	33.0	0.036	0.3562499999999999	1.0	1.0	0.1375	3.0	0.5
2015-10-25	2.5125	10.0	11.4	0.030542	36.0	0.039	0.2770835	1.0	1.3	0.145833	3.0	0.5
2015-10-26	3.595833	8.0	9.4	0.027083	29.0	0.031	0.3604165	1.0	1.4	0.010417	1.0	0.1
2015-10-27	4.833333	6.0	6.8	0.02325	28.0	0.03	0.2875	0.0	0.9	0.1041665	1.0	0.2
2015-10-28	2.670833	5.0	5.6	0.026208	30.0	0.032	0.19375	0.0	0.8	0.0451344999999999	1.0	0.1
2015-10-29	4.845833	15.0	16.6	0.016833	20.0	0.022	0.1291665	0.0	0.3	0.2	0.0	0.3
2015-10-30	4.491304	6.0	6.9	0.021583	26.0	0.028	0.0883115	0.0	0.1	0.15	2.0	0.2
2015-10-31	1.833333	5.0	5.3	0.026417	31.0	0.034	0.0583334999999999	0.0	0.1	0.0916665	1.0	0.2
2015-11-01	0.870833	6.0	6.8	0.018875	29.0	0.031	0.18125	0.0	0.5	0.16875	3.0	0.4
2015-11-02	1.766667	8.0	9.7	0.016833	27.0	0.029	0.33125	0.0	0.6	0.2604165	5.0	0.6
2015-11-03	1.604167	4.0	4.9	0.028958	35.0	0.038	0.2895835	0.0	0.6	0.1583335	5.0	0.4
2015-11-04	0.595833	4.0	4.0	0.024625	32.0	0.035	0.0979164999999999	0.0	0.4	0.1958335	2.0	0.3
2015-11-05	0.347826	1.0	1.6	0.014125	19.0	0.02	0.054037	0.0	0.2	0.104356	2.0	0.2
2015-11-06	3.145833	9.0	10.0	0.021958	25.0	0.027	0.09375	0.0	0.2	0.1604165	2.0	0.3
2015-11-07	4.7375	9.0	10.1	0.02825	32.0	0.035	0.1166665	0.0	0.2	0.09375	1.0	0.2
2015-11-08	1.783333	3.0	3.5	0.032708	34.0	0.037	0.1375	0.0	0.2	0.11875	2.0	0.4
2015-11-09	2.970833	7.0	7.4	0.032	33.0	0.036	0.2208335	0.0	0.6	0.36875	5.0	0.4
2015-11-10	5.379167	8.0	9.1	0.026917	32.0	0.035	0.4604165	1.0	1.0	0.1770835	3.0	0.3
2015-11-11	3.5375	9.0	10.9	0.017292	23.0	0.025	0.1208335	0.0	0.4	0.1708335	2.0	0.2
2015-11-12	2.55	4.0	4.5	0.027333	31.0	0.034	0.1125	0.0	0.3	0.0791665	1.0	0.1
2015-11-13	4.366667	16.0	17.2	0.02475	31.0	0.033	0.2015524999999999	0.0	0.4	0.115341	2.0	0.2
2015-11-14	5.478788	17.0	18.9	0.0226105	31.0	0.033	0.26457499999999995	0.0	0.8	0.13362649999999998	2.0	0.2
2015-11-15	5.478788	17.0	18.9	0.0226105	31.0	0.033	0.26457499999999995	0.0	0.8	0.13362649999999998	2.0	0.2
2015-11-16	5.478788	17.0	18.9	0.0226105	31.0	0.033	0.26457499999999995	0.0	0.8	0.13362649999999998	2.0	0.2
2015-11-17	5.478788	17.0	18.9	0.0226105	31.0	0.033	0.26457499999999995	0.0	0.8	0.13362649999999998	2.0	0.2
2015-11-18	5.478788	17.0	18.9	0.0226105	31.0	0.033	0.26457499999999995	0.0	0.8	0.13362649999999998	2.0	0.2
2015-11-19	5.478788	17.0	18.9	0.0226105	31.0	0.033	0.26457499999999995	0.0	0.8	0.13362649999999998	2.0	0.2
2015-11-20	5.478788	17.0	18.9	0.0226105	31.0	0.033	0.26457499999999995	0.0	0.8	0.13362649999999998	2.0	0.2
2015-11-21	5.478788	17.0	18.9	0.0226105	31.0	0.033	0.26457499999999995	0.0	0.8	0.13362649999999998	2.0	0.2
2015-11-22	5.478788	17.0	18.9	0.0226105	31.0	0.033	0.26457499999999995	0.0	0.8	0.13362649999999998	2.0	0.2
2015-11-23	5.478788	17.0	18.9	0.0226105	31.0	0.033	0.26457499999999995	0.0	0.8	0.13362649999999998	2.0	0.2
2015-11-24	5.478788	17.0	18.9	0.0226105	31.0	0.033	0.26457499999999995	0.0	0.8	0.13362649999999998	2.0	0.2
2015-11-25	5.478788	17.0	18.9	0.0226105	31.0	0.033	0.26457499999999995	0.0	0.8	0.13362649999999998	2.0	0.2
2015-11-26	5.478788	17.0	18.9	0.0226105	31.0	0.033	0.26457499999999995	0.0	0.8	0.13362649999999998	2.0	0.2
2015-11-27	5.478788	17.0	18.9	0.0226105	31.0	0.033	0.26457499999999995	0.0	0.8	0.13362649999999998	2.0	0.2
2015-11-28	5.478788	17.0	18.9	0.0226105	31.0	0.033	0.26457499999999995	0.0	0.8	0.13362649999999998	2.0	0.2
2015-11-29	5.478788	17.0	18.9	0.0226105	31.0	0.033	0.26457499999999995	0.0	0.8	0.13362649999999998	2.0	0.2
2015-11-30	5.478788	17.0	18.9	0.0226105	31.0	0.033	0.26457499999999995	0.0	0.8	0.13362649999999998	2.0	0.2
2015-12-01	5.478788	17.0	18.9	0.0226105	31.0	0.033	0.26457499999999995	0.0	0.8	0.13362649999999998	2.0	0.2
2015-12-02	5.478788	17.0	18.9	0.0226105	31.0	0.033	0.26457499999999995	0.0	0.8	0.13362649999999998	2.0	0.2
2015-12-03	5.478788	17.0	18.9	0.0226105	31.0	0.033	0.26457499999999995	0.0	0.8	0.13362649999999998	2.0	0.2
2015-12-04	5.478788	17.0	18.9	0.0226105	31.0	0.033	0.26457499999999995	0.0	0.8	0.13362649999999998	2.0	0.2
2015-12-05	5.478788	17.0	18.9	0.0226105	31.0	0.033	0.26457499999999995	0.0	0.8	0.13362649999999998	2.0	0.2
2015-12-06	5.478788	17.0	18.9	0.0226105	31.0	0.033	0.26457499999999995	0.0	0.8	0.13362649999999998	2.0	0.2
2015-12-07	5.478788	17.0	18.9	0.0226105	31.0	0.033	0.26457499999999995	0.0	0.8	0.13362649999999998	2.0	0.2
2015-12-08	5.478788	17.0	18.9	0.0226105	31.0	0.033	0.26457499999999995	0.0	0.8	0.13362649999999998	2.0	0.2
2015-12-09	5.478788	17.0	18.9	0.0226105	31.0	0.033	0.26457499999999995	0.0	0.8	0.13362649999999998	2.0	0.2
2015-12-10	5.478788	17.0	18.9	0.0226105	31.0	0.033	0.26457499999999995	0.0	0.8	0.13362649999999998	2.0	0.2
2015-12-11	5.478788	17.0	18.9	0.0226105	31.0	0.033	0.26457499999999995	0.0	0.8	0.13362649999999998	2.0	0.2
2015-12-12	5.478788	17.0	18.9	0.0226105	31.0	0.033	0.26457499999999995	0.0	0.8	0.13362649999999998	2.0	0.2
2015-12-13	5.478788	17.0	18.9	0.0226105	31.0	0.033	0.26457499999999995	0.0	0.8	0.13362649999999998	2.0	0.2
2015-12-14	5.478788	17.0	18.9	0.0226105	31.0	0.033	0.26457499999999995	0.0	0.8	0.13362649999999998	2.0	0.2
2015-12-15	5.478788	17.0	18.9	0.0226105	31.0	0.033	0.26457499999999995	0.0	0.8	0.13362649999999998	2.0	0.2
2015-12-16	5.478788	17.0	18.9	0.0226105	31.0	0.033	0.26457499999999995	0.0	0.8	0.13362649999999998	2.0	0.2
2015-12-17	5.478788	17.0	18.9	0.0226105	31.0	0.033	0.26457499999999995	0.0	0.8	0.13362649999999998	2.0	0.2
2015-12-18	6.590909	17.0	18.9	0.020471	25.0	0.027	0.3275975	0.0	0.8	0.151912	2.0	0.2
2015-12-19	6.254167	23.0	24.1	0.020417	22.0	0.024	0.5145835	1.0	1.5	0.20625	2.0	0.4
2015-12-20	3.554167	6.0	6.2	0.017083	19.0	0.021	0.1645835	0.0	0.4	0.1979165	2.0	0.2
2015-12-21	4.7	8.0	9.8	0.020583	22.0	0.024	0.1	0.0	0.1	0.2	2.0	0.2
2015-12-22	4.113636	6.0	6.2	0.016875	20.0	0.022	0.1392855	0.0	0.3	0.1678445	2.0	0.2
2015-12-23	8.2625	15.0	16.6	0.018458	23.0	0.025	0.1270835	0.0	0.2	0.2333335	3.0	0.5
2015-12-24	5.608333	8.0	9.6	0.02025	21.0	0.023	0.15	0.0	0.2	0.1958335	2.0	0.2
2015-12-25	3.254167	5.0	5.5	0.024208	31.0	0.034	0.1020835	0.0	0.2	0.1541664999999999	2.0	0.2
2015-12-26	3.266667	4.0	4.6	0.026833	31.0	0.034	0.1020835	0.0	0.2	0.175	2.0	0.2
2015-12-27	7.141667	13.0	14.4	0.022167	24.0	0.026	0.1541665	0.0	0.2	0.2041664999999999	2.0	0.3
2015-12-28	5.925	9.0	10.0	0.025375	28.0	0.03	0.21875	0.0	0.3	0.1979165	2.0	0.2
2015-12-29	7.420833	11.0	12.8	0.025875	29.0	0.031	0.2625	0.0	0.3	0.1937499999999999	2.0	0.2
2015-12-30	9.75	18.0	19.7	0.026167	31.0	0.034	0.2015524999999999	0.0	0.3	0.2022725	2.0	0.3
