Date Local	NO2 Mean	NO2 AQI	NO2 1st Max Value	O3 Mean	O3 AQI	O3 1st Max Value	SO2 Mean	SO2 AQI	SO2 1st Max Value	CO Mean	CO AQI	CO 1st Max Value
2013-01-01	1.1	1	1.7	0.026125	25	0.03	0.0	0.0	0.0	0.4020835	5.0	0.5
2013-01-02	1.433333	5	5.2	0.03	31	0.036	0.0	0.0	0.0	0.4	5.0	0.4
2013-01-03	0.570833	1	1.2	0.033083	31	0.036	0.0	0.0	0.0	0.4020835	5.0	0.5
2013-01-04	1.443478	3	3.6	0.024333	24	0.028	0.0	0.0	0.0	0.404348	5.0	0.5
2013-01-05	1.804545	4	4.8	0.021318	22	0.026	0.0	0.0	0.0	0.44375	6.0	0.6
2013-01-06	1.3	2	2.8	0.031136	28	0.033	0.0	0.0	0.0	0.4847825	6.0	0.6
2013-01-07	2.2875	6	6.5	0.022	26	0.031	0.0	0.0	0.0	0.4875	7.0	0.6
2013-01-08	1.652174	2	2.8	0.0205	20	0.024	0.0	0.0	0.0	0.5105075	7.0	0.6
2013-01-09	0.927273	2	2.6	0.033167	31	0.037	0.0	0.0	0.0	0.4916665	6.0	0.5
2013-01-10	0.883333	1	1.8	0.032125	30	0.035	0.0	0.0	0.0	0.4958335	6.0	0.5
2013-01-11	0.925	2	2.8	0.029625	28	0.033	0.0	0.0	0.0	0.5041665	6.0	0.6
2013-01-12	0.969565	2	2.6	0.0281	27	0.032	0.0	0.0	0.0	0.504348	6.0	0.6
2013-01-13	1.457143	2	2.5	0.02895	27	0.032	0.0	0.0	0.0	0.515036	7.0	0.6
2013-01-14	1.733333	4	4.0	0.028958	26	0.031	0.0	0.0	0.0	0.5062500000000001	7.0	0.6
2013-01-15	2.45	6	6.2	0.023208	24	0.028	0.0	0.0	0.0	0.5104165	6.0	0.6
2013-01-16	1.76087	4	4.4	0.021583	21	0.025	0.0	0.0	0.0	0.403788	6.0	0.6
2013-01-17	2.863636	5	5.2	0.00975	12	0.014	0.0	0.0	0.0	0.2270835	3.0	0.3
2013-01-18	2.533333	2	2.8	0.008333	13	0.015	0.0	0.0	0.0	0.2708335	3.0	0.4
2013-01-19	3.2541665	5.0	5.4	0.0125625	23.0	0.027	0.0	0.0	0.0	0.28432975	3.0	0.4
2013-01-20	3.2541665	5.0	5.4	0.0125625	23.0	0.027	0.0	0.0	0.0	0.28432975	3.0	0.4
2013-01-21	3.2541665	5.0	5.4	0.0125625	23.0	0.027	0.0	0.0	0.0	0.28432975	3.0	0.4
2013-01-22	3.2541665	5.0	5.4	0.0125625	23.0	0.027	0.0	0.0	0.0	0.28432975	3.0	0.4
2013-01-23	3.2541665	5.0	5.4	0.0125625	23.0	0.027	0.0	0.0	0.0	0.28432975	3.0	0.4
2013-01-24	3.975	5	5.4	0.016792	23	0.027	0.0	0.0	0.0	0.297826	3.0	0.4
2013-01-25	1.454545	3	3.1	0.019917	25	0.03	0.0	0.0	0.0	0.2854164999999999	3.0	0.3
2013-01-26	0.808333	2	2.0	0.032045	30	0.035	0.0	0.0	0.0	0.258333	3.0	0.4
2013-01-27	1.3	2	2.6	0.031273	30	0.035	0.0	0.0	0.0	0.304348	3.0	0.4
2013-01-28	1.278261	4	4.2	0.03125	29	0.034	0.0	0.0	0.0	0.302174	3.0	0.4
2013-01-29	1.35	4	4.5	0.030542	30	0.035	0.0	0.0	0.0	0.3020835	3.0	0.4
2013-01-30	1.25	2	2.9	0.023042	25	0.029	0.0	0.0	0.0	0.30625	3.0	0.4
2013-01-31	1.8	3	3.1	0.016333	15	0.018	0.0	0.0	0.0	0.3020835	3.0	0.4
2013-02-01	2.282609	7	7.1	0.0215	24	0.028	0.0	0.0	0.0	0.329801	5.0	0.5
2013-02-02	1.313636	2	2.4	0.027045	29	0.034	0.0	0.0	0.0	0.3208335	5.0	0.4
2013-02-03	1.4875	2	2.0	0.023545	24	0.028	0.0	0.0	0.0	0.3490035	5.0	0.4
2013-02-04	1.347826	2	2.0	0.024208	25	0.029	0.0	0.0	0.0	0.33125	5.0	0.4
2013-02-05	0.65	1	1.1	0.030667	30	0.035	0.0	0.0	0.0	0.3	3.0	0.3
2013-02-06	0.433333	1	1.9	0.032417	31	0.036	0.0	0.0	0.0	0.3	3.0	0.3
2013-02-07	0.504167	2	2.3	0.031125	30	0.035	0.0	0.0	0.0	0.389583	5.0	0.5
2013-02-08	1.166667	2	2.2	0.029583	28	0.033	0.0	0.0	0.0	0.4041665	5.0	0.5
2013-02-09	1.6208335	4.0	4.0	0.0286455	29.0	0.034	0.0	0.0	0.0	0.40208325	5.0	0.5
2013-02-10	1.6208335	4.0	4.0	0.0286455	29.0	0.034	0.0	0.0	0.0	0.40208325	5.0	0.5
2013-02-11	1.6208335	4.0	4.0	0.0286455	29.0	0.034	0.0	0.0	0.0	0.40208325	5.0	0.5
2013-02-12	1.6208335	4.0	4.0	0.0286455	29.0	0.034	0.0	0.0	0.0	0.40208325	5.0	0.5
2013-02-13	1.6208335	4.0	4.0	0.0286455	29.0	0.034	0.0	0.0	0.0	0.40208325	5.0	0.5
2013-02-14	1.6208335	4.0	4.0	0.0286455	29.0	0.034	0.0	0.0	0.0	0.40208325	5.0	0.5
2013-02-15	2.075	4	4.0	0.027708	29	0.034	0.0	0.0	0.0	0.4	5.0	0.4
2013-02-16	1.2125	2	2.4	0.025364	29	0.034	0.0	0.0	0.0	0.4812499999999999	6.0	0.5
2013-02-17	0.953333	1	1.3	0.031364	31	0.036	0.0	0.0	0.0	0.4672345	6.0	0.5
2013-02-18	1.104545	2	2.1	0.032375	30	0.035	0.0	0.0	0.0	0.4958335	6.0	0.5
2013-02-19	0.770833	2	2.8	0.036042	33	0.039	0.0	0.0	0.0	0.49375	6.0	0.5
2013-02-20	1.1375	2	2.1	0.029458	27	0.032	0.0	0.0	0.0	0.5	6.0	0.5
2013-02-21	1.23913	2	2.7	0.032833	31	0.036	0.0	0.0	0.0	0.416856	6.0	0.5
2013-02-22	0.477273	1	1.6	0.034167	31	0.036	0.0	0.0	0.0	0.208333	3.0	0.3
2013-02-23	0.6125	1	1.1	0.034136	31	0.036	0.0	0.0	0.0	0.2	2.0	0.2
2013-02-24	1.01875	2	2.4	0.029182	27	0.032	0.0	0.0	0.0	0.2192029999999999	3.0	0.3
2013-02-25	0.93913	3	3.2	0.034292	33	0.039	0.0	0.0	0.0	0.225725	3.0	0.3
2013-02-26	1.2	2	2.8	0.030542	28	0.033	0.0	0.0	0.0	0.2416665	3.0	0.3
2013-02-27	0.935	4	4.2	0.024958	25	0.03	0.0	0.0	0.0	0.225	3.0	0.3
2013-02-28	0.425	1	1.4	0.018542	19	0.022	0.0	0.0	0.0	0.20625	2.0	0.3
2013-03-01	1.321739	2	2.8	0.016375	17	0.02	0.0	0.0	0.0	0.2700185	3.0	0.3
2013-03-02	1.113636	2	2.0	0.017818	20	0.024	0.0	0.0	0.0	0.2875	3.0	0.3
2013-03-03	0.51875	1	1.3	0.026091	25	0.03	0.0	0.0	0.0	0.2509964999999999	3.0	0.3
2013-03-04	0.366667	1	1.2	0.031375	32	0.038	0.0	0.0	0.0	0.24375	3.0	0.3
2013-03-05	0.026087	0	0.2	0.03375	32	0.038	0.0	0.0	0.0	0.227536	3.0	0.3
2013-03-06	0.154545	0	0.7	0.034083	31	0.036	0.0	0.0	0.0	0.2916665	3.0	0.3
2013-03-07	0.885	2	2.5	0.029458	27	0.032	0.0	0.0	0.0	0.30625	3.0	0.5
2013-03-08	0.916667	2	2.7	0.02825	28	0.033	0.0	0.0	0.0	0.3	3.0	0.3
2013-03-09	0.786957	1	1.4	0.02525	24	0.028	0.0	0.0	0.0	0.3	3.0	0.3
2013-03-10	1.185714	2	2.2	0.0253	25	0.03	0.0	0.0	0.0	0.319203	5.0	0.4
2013-03-11	0.9	2	2.3	0.0235	23	0.027	0.0	0.0	0.0	0.308388	5.0	0.4
2013-03-12	0.786364	1	1.7	0.021292	20	0.024	0.0	0.0	0.0	0.30625	3.0	0.4
2013-03-13	1.353333	2	2.8	0.015667	16	0.019	0.0	0.0	0.0	0.2475	5.0	0.4
2013-03-14	0.952174	1	1.9	0.024667	26	0.031	0.0	0.0	0.0	0.1	1.0	0.1
2013-03-15	1.354167	3	3.5	0.023333	22	0.026	0.0	0.0	0.0	0.10625	1.0	0.3
2013-03-16	0.666667	1	1.0	0.033	31	0.037	0.0	0.0	0.0	0.1	1.0	0.1
2013-03-17	0.642857	0	0.9	0.0383	34	0.04	0.0	0.0	0.0	0.1	1.0	0.1
2013-03-18	1.529167	4	4.0	0.02475	28	0.033	0.0	0.0	0.0	0.1291665	2.0	0.2
2013-03-19	0.543478	2	2.9	0.030417	34	0.04	0.0	0.0	0.0	0.10625	2.0	0.2
2013-03-20	0.641667	2	2.4	0.03475	33	0.039	0.0	0.0	0.0	0.13125	2.0	0.2
2013-03-21	0.920833	3	3.4	0.041042	41	0.048	0.0	0.0	0.0	0.1229165	2.0	0.2
2013-03-22	0.913636	3	3.2	0.040125	38	0.045	0.0	0.0	0.0	0.1458335	2.0	0.2
2013-03-23	1.008333	2	2.6	0.035409	34	0.04	0.0	0.0	0.0	0.179167	2.0	0.3
2013-03-24	1.34	2	2.5	0.034409	31	0.037	0.0	0.0	0.0	0.1977275	2.0	0.3
2013-03-25	1.414286	3	3.6	0.035833	33	0.039	0.0	0.0	0.0	0.2020834999999999	2.0	0.3
2013-03-26	0.7	2	2.4	0.028333	26	0.031	0.0	0.0	0.0	0.1958335	2.0	0.2
2013-03-27	0.422727	1	1.4	0.026042	25	0.03	0.0	0.0	0.0	0.2	2.0	0.2
2013-03-28	0.783333	2	2.5	0.023042	23	0.027	0.0	0.0	0.0	0.2	2.0	0.2
2013-03-29	0.756522	2	2.3	0.02025	21	0.025	0.0	0.0	0.0	0.197826	2.0	0.2
2013-03-30	0.604167	2	2.3	0.0225	22	0.026	0.0	0.0	0.0	0.2	2.0	0.3
2013-03-31	0.606667	1	1.1	0.018364	19	0.023	0.0	0.0	0.0	0.2	2.0	0.2
2013-04-01	0.745455	2	2.0	0.024833	25	0.029	0.0	0.0	0.0	0.2020834999999999	2.0	0.3
2013-04-02	0.854167	3	3.5	0.019833	20	0.024	0.0	0.0	0.0	0.2	2.0	0.2
2013-04-03	0.386957	1	1.0	0.018167	27	0.032	0.0	0.0	0.0	0.2	2.0	0.2
2013-04-04	0.095833	0	0.7	0.028792	26	0.031	0.0	0.0	0.0	0.2	2.0	0.2
2013-04-05	0.141667	0	0.7	0.03	28	0.033	0.0	0.0	0.0	0.2	2.0	0.2
2013-04-06	0.0	0	0.2	0.032909	31	0.036	0.0	0.0	0.0	0.2	2.0	0.2
2013-04-07	0.173333	0	0.5	0.041364	37	0.044	0.0	0.0	0.0	0.202174	2.0	0.3
2013-04-08	0.386957	1	1.8	0.037917	36	0.043	0.0	0.0	0.0	0.2065215	2.0	0.3
2013-04-09	0.520833	1	1.2	0.031125	31	0.037	0.0	0.0	0.0	0.285417	3.0	0.3
2013-04-10	0.633333	1	1.6	0.02575	28	0.033	0.0	0.0	0.0	0.2937499999999999	3.0	0.3
2013-04-11	0.5791665	1.0	1.6	0.029103999999999998	31.0	0.037	0.57222225	1.0	1.3	0.29687499999999994	3.0	0.3
2013-04-12	0.525	1	1.3	0.032458	31	0.037	1.1444445	1.0	1.3	0.3	3.0	0.3
2013-04-13	0.321739	0	0.6	0.04435	39	0.046	0.7807455	1.0	1.0	0.3	3.0	0.3
2013-04-14	0.44	0	0.9	0.039364	34	0.04	0.6808335000000001	0.0	0.8	0.297826	3.0	0.3
2013-04-15	0.666667	1	1.8	0.039583	36	0.043	0.6916665	0.0	0.8	0.3	3.0	0.3
2013-04-16	0.55	1	1.6	0.034333	33	0.039	0.6295455	1.0	1.1	0.3	3.0	0.3
2013-04-17	0.889474	2	2.9	0.033208	33	0.039	0.5816665	0.0	0.8	0.3020835	3.0	0.4
2013-04-18	0.704348	3	3.2	0.032875	33	0.039	0.157764	0.0	0.8	0.3	3.0	0.3
2013-04-19	0.541667	1	1.9	0.027875	25	0.03	0.2104165	1.0	1.0	0.3	3.0	0.3
2013-04-20	0.325	1	1.1	0.029905	30	0.035	0.70625	1.0	1.0	0.3	3.0	0.3
2013-04-21	0.4	0	0.7	0.0306	29	0.034	0.3857144999999999	0.0	0.7	0.3	3.0	0.3
2013-04-22	0.595833	2	2.1	0.028833	33	0.039	0.7166665000000001	0.0	0.8	0.3041665	3.0	0.4
2013-04-23	1.43913	5	5.6	0.040833	37	0.044	0.731677	0.0	0.8	0.304348	3.0	0.4
2013-04-24	0.866667	3	3.3	0.036583	36	0.042	0.6708335	0.0	0.8	0.3041665	3.0	0.4
2013-04-25	0.5625	1	1.5	0.036917	34	0.04	0.6354165	0.0	0.7	0.3041665	3.0	0.4
2013-04-26	1.222727	5	5.7	0.031333	29	0.034	0.606818	0.0	0.7	0.347917	5.0	0.4
2013-04-27	0.758333	1	1.7	0.026273	25	0.029	0.5833335	0.0	0.7	0.35625	5.0	0.4
2013-04-28	0.673333	1	1.5	0.028	27	0.032	0.6133335	0.0	0.7	0.3414775	5.0	0.4
2013-04-29	0.525	1	1.3	0.033458	33	0.039	0.6083335	0.0	0.7	0.39375	5.0	0.4
2013-04-30	0.733333	1	1.6	0.037167	35	0.041	0.5958335	0.0	0.7	0.3770835	5.0	0.4
2013-05-01	1.195455	2	2.9	0.0385	39	0.046	0.5674245	0.0	0.6	0.4	5.0	0.4
2013-05-02	1.595833	3	3.0	0.044333	42	0.049	0.5729165	0.0	0.6	0.4	5.0	0.4
2013-05-03	1.704348	5	5.3	0.034833	32	0.038	0.563354	0.0	0.6	0.402174	5.0	0.5
2013-05-04	1.0	2	2.9	0.039864	38	0.045	0.55625	0.0	0.6	0.4	5.0	0.4
2013-05-05	0.9	1	1.9	0.033545	31	0.036	0.5	0.0	0.5	0.4	5.0	0.4
2013-05-06	0.913636	2	2.5	0.028667	30	0.035	0.5	0.0	0.5	0.4	5.0	0.4
2013-05-07	1.395833	3	3.9	0.026	28	0.033	0.4458335	0.0	0.5	0.4020835	5.0	0.5
2013-05-08	0.66087	2	2.3	0.030875	29	0.034	0.241905	0.0	0.5	0.3299245	5.0	0.4
2013-05-09	0.683333	1	1.9	0.028875	26	0.031	0.0	0.0	0.0	0.2	2.0	0.2
2013-05-10	0.766667	1	1.7	0.026917	28	0.033	0.0	0.0	0.0	0.2	2.0	0.2
2013-05-11	0.686364	1	1.2	0.021864	25	0.029	0.0	0.0	0.0	0.2	2.0	0.2
2013-05-12	0.53125	1	1.4	0.016682	16	0.019	0.0	0.0	0.0	0.2	2.0	0.2
2013-05-13	0.391304	0	0.9	0.024042	26	0.031	0.0	0.0	0.0	0.2	2.0	0.2
2013-05-14	0.475	1	1.0	0.034875	33	0.039	0.0	0.0	0.0	0.2	2.0	0.2
2013-05-15	0.595833	1	1.6	0.032375	32	0.038	0.0	0.0	0.0	0.2	2.0	0.2
2013-05-16	0.213636	0	0.8	0.030917	29	0.034	0.0	0.0	0.0	0.2	2.0	0.2
2013-05-17	0.6125	2	2.9	0.029667	29	0.034	0.0291664999999999	0.0	0.1	0.2020834999999999	2.0	0.3
2013-05-18	0.443478	1	1.7	0.03065	28	0.033	0.0245345	0.0	0.1	0.202174	2.0	0.3
2013-05-19	0.28125	0	0.7	0.029318	28	0.033	0.009375	0.0	0.1	0.2	2.0	0.2
2013-05-20	0.325	1	1.1	0.027792	28	0.033	0.00625	0.0	0.1	0.2	2.0	0.2
2013-05-21	0.268182	0	0.6	0.032583	31	0.037	0.0265155	0.0	0.2	0.2	2.0	0.2
2013-05-22	0.191667	1	1.1	0.029958	28	0.033	0.2416665	0.0	0.4	0.2041664999999999	2.0	0.3
2013-05-23	0.313636	0	0.9	0.028042	28	0.033	0.3173915	0.0	0.4	0.2198865	3.0	0.3
2013-05-24	0.629167	3	3.1	0.031667	33	0.039	0.2791665	0.0	0.4	0.26875	3.0	0.3
2013-05-25	0.225	0	0.6	0.026714	26	0.031	0.2979165	0.0	0.4	0.2416665	3.0	0.3
2013-05-26	0.0	0	0.0	0.023	22	0.026	0.230357	0.0	0.3	0.2680249999999999	3.0	0.3
2013-05-27	0.056522	0	0.6	0.020208	18	0.021	0.2229165	0.0	0.3	0.2979165	3.0	0.4
2013-05-28	0.652174	9	10.2	0.022375	20	0.024	0.2338505	0.0	0.4	0.3	3.0	0.3
2013-05-29	0.35	1	1.1	0.029917	27	0.032	0.1458335	0.0	0.3	0.3	3.0	0.3
2013-05-30	0.3125	0	0.9	0.03	27	0.032	0.1708335	0.0	0.4	0.3	3.0	0.3
2013-05-31	0.663636	2	2.0	0.027	25	0.03	0.1136365	0.0	0.2	0.3	3.0	0.3
2013-06-01	0.358333	1	1.3	0.023273	22	0.026	0.1124999999999999	0.0	0.2	0.3	3.0	0.3
2013-06-02	0.346667	1	1.1	0.023	22	0.026	0.065	0.0	0.1	0.3	3.0	0.3
2013-06-03	0.470833	1	1.6	0.021958	22	0.026	0.0562499999999999	0.0	0.1	0.3	3.0	0.3
2013-06-04	0.129167	0	0.9	0.025	25	0.029	0.0145835	0.0	0.1	0.3	3.0	0.3
2013-06-05	0.559091	2	2.2	0.020542	21	0.025	0.0227275	0.0	0.1	0.3	3.0	0.3
2013-06-06	0.3125	0	0.9	0.023625	24	0.028	0.025	0.0	0.1	0.3	3.0	0.3
2013-06-07	0.586957	1	1.8	0.02275	26	0.031	0.0813665	0.0	0.2	0.3065215	3.0	0.4
2013-06-08	0.4	1	1.2	0.022273	25	0.03	0.1104165	0.0	0.2	0.3	3.0	0.3
2013-06-09	0.175	1	1.0	0.027545	25	0.029	0.031875	0.0	0.1	0.3	3.0	0.3
2013-06-10	0.140909	0	0.6	0.026625	24	0.028	0.0242425	0.0	0.2	0.3	3.0	0.3
2013-06-11	0.3875	1	1.5	0.025083	23	0.027	0.0249999999999999	0.0	0.1	0.3041665	3.0	0.4
2013-06-12	0.528571	1	1.9	0.023	19	0.023	0.0535714999999999	0.0	0.1	0.307143	3.0	0.4
2013-06-13	0.2961035	1.0	1.9	0.0234645	21.0	0.025	0.11390699999999995	0.0	0.2	0.35357150000000004	5.0	0.4
2013-06-14	0.2961035	1.0	1.9	0.0234645	21.0	0.025	0.11390699999999995	0.0	0.2	0.35357150000000004	5.0	0.4
2013-06-15	0.2961035	1.0	1.9	0.0234645	21.0	0.025	0.11390699999999995	0.0	0.2	0.35357150000000004	5.0	0.4
2013-06-16	0.2961035	1.0	1.9	0.0234645	21.0	0.025	0.11390699999999995	0.0	0.2	0.35357150000000004	5.0	0.4
2013-06-17	0.063636	0	0.4	0.023929	21	0.025	0.1742425	0.0	0.2	0.4	5.0	0.4
2013-06-18	0.125	1	1.2	0.025458	23	0.027	0.28125	0.0	0.4	0.4	5.0	0.4
2013-06-19	0.195833	1	1.9	0.024167	23	0.027	0.28125	0.0	0.4	0.4	5.0	0.4
2013-06-20	0.525	1	1.8	0.019522	19	0.023	0.268182	0.0	0.4	0.297917	5.0	0.4
2013-06-21	0.320833	1	1.0	0.018583	18	0.021	0.25	0.0	0.4	0.2	2.0	0.2
2013-06-22	0.456522	1	1.2	0.01845	18	0.021	0.2835405	0.0	0.5	0.2	2.0	0.2
2013-06-23	0.0	0	0.0	0.018545	21	0.025	0.20625	0.0	0.3	0.2	2.0	0.2
2013-06-24	0.066667	0	0.9	0.018542	21	0.025	0.1354165	0.0	0.2	0.2	2.0	0.2
2013-06-25	0.159091	0	0.8	0.011667	13	0.015	0.10303	0.0	0.2	0.2	2.0	0.2
2013-06-26	0.266667	0	0.9	0.009125	12	0.014	0.05625	0.0	0.2	0.2	2.0	0.2
2013-06-27	0.547826	2	2.3	0.009083	12	0.014	0.0	0.0	0.0	0.2	2.0	0.2
2013-06-28	0.583333	1	1.7	0.012333	14	0.016	0.0	0.0	0.0	0.2	2.0	0.2
2013-06-29	0.675	1	1.6	0.015381	16	0.019	0.004167	0.0	0.3	0.2	2.0	0.2
2013-06-30	0.592857	1	1.1	0.016	16	0.019	0.0607145	0.0	0.3	0.2	2.0	0.2
2013-07-01	0.775	1	1.7	0.011458	13	0.015	0.0791665	0.0	0.3	0.2	2.0	0.2
2013-07-02	0.46087	1	1.2	0.014542	15	0.018	0.1900625	0.0	0.3	0.2	2.0	0.2
2013-07-03	0.370833	0	0.9	0.015333	15	0.018	0.0	0.0	0.0	0.2	2.0	0.2
2013-07-04	0.133333	0	0.6	0.019417	18	0.021	0.0	0.0	0.0	0.2	2.0	0.2
2013-07-05	0.186364	0	0.8	0.02175	19	0.023	0.0	0.0	0.0	0.2	2.0	0.2
2013-07-06	0.0875	0	0.7	0.021227	19	0.022	0.0	0.0	0.0	0.2020834999999999	2.0	0.3
2013-07-07	0.12	0	0.3	0.019182	19	0.022	0.0	0.0	0.0	0.2	2.0	0.2
2013-07-08	0.216667	1	1.0	0.019958	20	0.024	0.0	0.0	0.0	0.2	2.0	0.2
2013-07-09	0.804167	3	3.7	0.013958	17	0.02	0.0	0.0	0.0	0.21875	3.0	0.3
2013-07-10	0.545455	1	1.8	0.016292	18	0.021	0.0	0.0	0.0	0.25	3.0	0.3
2013-07-11	0.316667	1	1.1	0.019792	19	0.022	0.0	0.0	0.0	0.279167	3.0	0.3
2013-07-12	0.443478	1	1.3	0.018542	18	0.021	0.0	0.0	0.0	0.2744565	3.0	0.3
2013-07-13	0.225	0	0.8	0.017318	18	0.021	0.0	0.0	0.0	0.3	3.0	0.3
2013-07-14	0.34375	1	1.2	0.017636	19	0.022	0.0	0.0	0.0	0.3	3.0	0.3
2013-07-15	0.290909	1	1.7	0.01825	18	0.021	0.0	0.0	0.0	0.3	3.0	0.3
2013-07-16	0.491667	1	1.7	0.018833	19	0.022	0.0	0.0	0.0	0.3	3.0	0.3
2013-07-17	0.775	2	2.0	0.017056	15	0.018	0.0	0.0	0.0	0.2615035	3.0	0.3
2013-07-18	0.457143	1	1.7	0.0208	20	0.024	0.0	0.0	0.0	0.1604165	2.0	0.2
2013-07-19	0.241667	0	0.7	0.023792	23	0.027	0.0	0.0	0.0	0.2	2.0	0.2
2013-07-20	0.063636	0	0.3	0.022182	20	0.024	0.1113635	0.0	0.2	0.2	2.0	0.2
2013-07-21	0.0	0	0.0	0.014773	14	0.016	0.138125	0.0	0.3	0.167935	2.0	0.2
2013-07-22	0.047826	0	0.3	0.013667	13	0.015	0.1397515	0.0	0.3	0.159511	2.0	0.2
2013-07-23	1.343478	3	3.0	0.011474	13	0.015	0.156211	0.0	0.3	0.2	2.0	0.2
2013-07-24	0.889921	3.0	3.0	0.014582999999999999	16.0	0.019	0.13492375	0.0	0.3	0.2	2.0	0.2
2013-07-25	0.436364	1	1.0	0.017692	16	0.019	0.1136365	0.0	0.2	0.2	2.0	0.2
2013-07-26	0.341667	1	1.3	0.018083	18	0.021	0.1354165	0.0	0.3	0.2	2.0	0.2
2013-07-27	0.378261	1	1.0	0.0175	19	0.022	0.1835405	0.0	0.3	0.202174	2.0	0.3
2013-07-28	0.4375	1	1.1	0.017455	17	0.02	0.193125	0.0	0.3	0.2065215	2.0	0.3
2013-07-29	0.3125	0	0.9	0.019375	19	0.023	0.15625	0.0	0.3	0.2	2.0	0.2
2013-07-30	0.536364	1	1.7	0.019375	18	0.021	0.1333335	0.0	0.3	0.2	2.0	0.2
2013-07-31	0.854167	2	2.2	0.019882	19	0.023	0.1395835	0.0	0.3	0.20625	2.0	0.3
2013-08-01	0.643478	1	1.7	0.020417	19	0.023	0.0900625	0.0	0.4	0.2065215	2.0	0.3
2013-08-02	0.333333	1	1.2	0.0185	17	0.02	0.1770835	0.0	0.4	0.2458334999999999	3.0	0.3
2013-08-03	0.191667	0	0.6	0.018857	19	0.022	0.1041665	0.0	0.3	0.2541664999999999	3.0	0.3
2013-08-04	0.107143	0	0.3	0.01815	17	0.02	0.105357	0.0	0.4	0.2466485	3.0	0.3
2013-08-05	0.125	0	0.5	0.018792	18	0.021	0.1937499999999999	0.0	0.4	0.28125	3.0	0.3
2013-08-06	0.426087	1	1.6	0.020917	25	0.029	0.1763975	0.0	0.4	0.3	3.0	0.3
2013-08-07	0.783333	2	2.0	0.022667	22	0.026	0.1479165	0.0	0.3	0.3	3.0	0.3
2013-08-08	0.595833	1	1.7	0.017167	18	0.021	0.1666665	0.0	0.4	0.3	3.0	0.3
2013-08-09	0.327273	2	2.0	0.014417	15	0.018	0.125	0.0	0.3	0.2937499999999999	3.0	0.3
2013-08-10	0.241667	1	1.1	0.014364	14	0.016	0.1833334999999999	0.0	0.4	0.3	3.0	0.3
2013-08-11	0.46	1	1.9	0.016455	15	0.018	0.2008335	0.0	0.4	0.3	3.0	0.3
2013-08-12	0.778261	2	2.1	0.018875	18	0.021	0.3403724999999999	0.0	0.5	0.3020835	3.0	0.4
2013-08-13	1.125	3	3.1	0.018875	19	0.023	0.2958334999999999	0.0	0.5	0.3041665	3.0	0.4
2013-08-14	0.513636	1	1.9	0.012125	14	0.016	0.337879	0.0	0.5	0.3	3.0	0.3
2013-08-15	0.270833	1	1.0	0.008583	10	0.012	0.2375	0.0	0.5	0.3	3.0	0.3
2013-08-16	1.156522	2	2.2	0.015	17	0.02	0.312422	0.0	0.5	0.302174	3.0	0.4
2013-08-17	0.5375	2	2.1	0.019727	19	0.022	0.4833334999999999	0.0	0.6	0.3	3.0	0.3
2013-08-18	0.44375	1	1.5	0.018818	19	0.022	0.4318749999999999	0.0	0.5	0.3	3.0	0.3
2013-08-19	0.659091	1	1.9	0.021042	24	0.028	0.3772725	0.0	0.5	0.3	3.0	0.3
2013-08-20	1.133333	6	6.0	0.019292	22	0.026	0.4916665	0.0	0.6	0.3041665	3.0	0.4
2013-08-21	0.343478	1	1.1	0.022208	23	0.027	0.465528	0.0	0.5	0.302174	3.0	0.4
2013-08-22	0.5125	2	2.0	0.020958	20	0.024	0.4916665	0.0	0.6	0.3249999999999999	5.0	0.4
2013-08-23	0.504167	1	1.5	0.016708	17	0.02	0.4791665	0.0	0.6	0.341667	5.0	0.4
2013-08-24	0.431818	1	1.3	0.012227	14	0.016	0.4295455	0.0	0.6	0.30625	3.0	0.4
2013-08-25	0.93125	2	2.1	0.015636	20	0.024	0.45125	0.0	0.6	0.3341484999999999	5.0	0.4
2013-08-26	0.308696	0	0.9	0.021292	21	0.025	0.4080745	0.0	0.6	0.367935	5.0	0.4
2013-08-27	0.425	1	1.7	0.018167	18	0.021	0.375	0.0	0.6	0.4	5.0	0.4
2013-08-28	0.45	2	2.3	0.012917	14	0.016	0.34375	0.0	0.5	0.4	5.0	0.4
2013-08-29	0.427273	1	1.5	0.011458	14	0.016	0.2992424999999999	0.0	0.5	0.4	5.0	0.4
2013-08-30	0.933333	3	3.7	0.011542	14	0.016	0.3520835	0.0	0.5	0.4	5.0	0.4
2013-08-31	0.278261	0	0.8	0.02145	23	0.027	0.37205	0.0	0.5	0.4	5.0	0.4
2013-09-01	0.175	1	1.0	0.017727	19	0.023	0.20875	0.0	0.4	0.4	5.0	0.4
2013-09-02	0.166667	0	0.7	0.021208	23	0.027	0.2958334999999999	0.0	0.5	0.4	5.0	0.4
2013-09-03	0.140909	0	0.9	0.028042	27	0.032	0.3204545	0.0	0.5	0.4	5.0	0.4
2013-09-04	0.4125	1	1.5	0.022417	23	0.027	0.2625	0.0	0.4	0.4	5.0	0.4
2013-09-05	0.5	2	2.1	0.023	25	0.03	0.2562109999999999	0.0	0.5	0.402174	5.0	0.5
2013-09-06	0.620833	1	1.8	0.023	23	0.027	0.2875	0.0	0.4	0.4041665	5.0	0.5
2013-09-07	0.416667	1	1.4	0.020381	19	0.023	0.2291665	0.0	0.4	0.40625	5.0	0.5
2013-09-08	0.407143	0	0.9	0.0212	23	0.027	0.2339284999999999	0.0	0.4	0.4300724999999999	6.0	0.5
2013-09-09	0.883333	3	3.0	0.020667	21	0.025	0.1937499999999999	0.0	0.4	0.46875	6.0	0.6
2013-09-10	0.656522	1	1.5	0.020708	22	0.026	0.0	0.0	0.0	0.4744564999999999	6.0	0.5
2013-09-11	0.554167	1	1.5	0.022917	22	0.026	0.0	0.0	0.0	0.4979165	6.0	0.5
2013-09-12	0.91	1	1.6	0.022353	21	0.025	0.0	0.0	0.0	0.3527175	6.0	0.5
2013-09-13	0.595455	1	1.4	0.022917	24	0.028	0.0	0.0	0.0	0.2	2.0	0.2
2013-09-14	0.529167	2	2.7	0.026	25	0.029	0.0	0.0	0.0	0.2	2.0	0.2
2013-09-15	0.413333	1	1.4	0.027545	26	0.031	0.0	0.0	0.0	0.175947	2.0	0.2
2013-09-16	0.704167	2	2.1	0.021958	21	0.025	0.0	0.0	0.0	0.2	2.0	0.2
2013-09-17	0.445833	1	1.5	0.028458	28	0.033	0.0	0.0	0.0	0.2	2.0	0.2
2013-09-18	0.672727	1	1.8	0.0215	22	0.026	0.0	0.0	0.0	0.2020834999999999	2.0	0.3
2013-09-19	0.733333	1	1.7	0.02575	24	0.028	0.0	0.0	0.0	0.2	2.0	0.2
2013-09-20	0.2	0	0.7	0.025375	25	0.03	0.0	0.0	0.0	0.2	2.0	0.2
2013-09-21	0.091667	0	0.4	0.033182	31	0.036	0.0	0.0	0.0	0.2	2.0	0.2
2013-09-22	0.075	0	0.5	0.028364	25	0.03	0.0	0.0	0.0	0.2	2.0	0.2
2013-09-23	0.372727	2	2.2	0.029625	27	0.032	0.0	0.0	0.0	0.2020834999999999	2.0	0.3
2013-09-24	0.354167	1	1.2	0.027833	27	0.032	0.0	0.0	0.0	0.2	2.0	0.2
2013-09-25	0.334783	1	1.5	0.027167	28	0.033	0.0	0.0	0.0	0.2	2.0	0.2
2013-09-26	0.6	1	1.9	0.022625	24	0.028	0.0	0.0	0.0	0.20625	2.0	0.3
2013-09-27	0.779167	2	2.2	0.021833	22	0.026	0.0	0.0	0.0	0.2229165	3.0	0.3
2013-09-28	0.159091	0	0.5	0.021409	21	0.025	0.0	0.0	0.0	0.229167	3.0	0.3
2013-09-29	0.18125	0	0.6	0.023682	24	0.028	0.0	0.0	0.0	0.2937499999999999	3.0	0.3
2013-09-30	0.286957	1	1.5	0.032125	31	0.036	0.0	0.0	0.0	0.274366	3.0	0.3
2013-10-01	0.433333	1	1.7	0.029042	27	0.032	0.0	0.0	0.0	0.275	3.0	0.3
2013-10-02	0.554167	1	1.2	0.026208	26	0.031	0.0	0.0	0.0	0.28125	3.0	0.3
2013-10-03	0.85	2	2.1	0.02275	21	0.025	0.0	0.0	0.0	0.260401	3.0	0.3
2013-10-04	1.066667	3	3.4	0.026417	29	0.034	0.0	0.0	0.0	0.2041664999999999	2.0	0.3
2013-10-05	0.813043	3	3.1	0.03845	35	0.041	0.0	0.0	0.0	0.2	2.0	0.2
2013-10-06	0.53125	1	1.1	0.039773	36	0.043	0.0	0.0	0.0	0.2	2.0	0.2
2013-10-07	1.173913	5	5.7	0.030375	29	0.034	0.0	0.0	0.0	0.25	3.0	0.3
2013-10-08	0.9625	2	2.6	0.031143	27	0.032	0.0	0.0	0.0	0.286842	3.0	0.3
2013-10-09	0.891667	1	1.9	0.02675	25	0.03	0.0	0.0	0.0	0.289583	3.0	0.3
2013-10-10	1.016667	2	2.6	0.024375	25	0.029	0.0	0.0	0.0	0.3	3.0	0.3
2013-10-11	1.0375	1	1.9	0.023958	23	0.027	0.0	0.0	0.0	0.3	3.0	0.3
2013-10-12	0.666667	2	2.2	0.024708	23	0.027	0.0	0.0	0.0	0.3041665	3.0	0.4
2013-10-13	0.790476	1	1.9	0.019875	19	0.023	0.0	0.0	0.0	0.3020835	3.0	0.4
2013-10-14	1.2875	3	3.1	0.023	25	0.029	0.0	0.0	0.0	0.3020835	3.0	0.4
2013-10-15	1.329167	4	4.9	0.032833	30	0.035	0.0	0.0	0.0	0.3	3.0	0.3
2013-10-16	1.5375	3	3.7	0.031833	28	0.033	0.0	0.0	0.0	0.3	3.0	0.3
2013-10-17	1.770833	4	4.1	0.023167	26	0.031	0.0	0.0	0.0	0.3395829999999999	5.0	0.4
2013-10-18	2.15	3	3.9	0.016833	16	0.019	0.0	0.0	0.0	0.4020835	5.0	0.5
2013-10-19	1.570833	3	3.6	0.018375	19	0.022	0.0	0.0	0.0	0.39375	5.0	0.5
2013-10-20	1.37619	2	2.8	0.017667	17	0.02	0.0	0.0	0.0	0.4020835	5.0	0.5
2013-10-21	2.133333	4	4.0	0.014458	16	0.019	0.0	0.0	0.0	0.4187499999999999	6.0	0.5
2013-10-22	1.733333	2	2.8	0.014833	15	0.018	0.0	0.0	0.0	0.4083335	5.0	0.5
2013-10-23	1.401449	3.0	3.3	0.016625	18.0	0.021	0.0	0.0	0.0	0.30416675000000004	5.0	0.5
2013-10-24	1.401449	3.0	3.3	0.016625	18.0	0.021	0.0	0.0	0.0	0.30416675000000004	5.0	0.5
2013-10-25	1.401449	3.0	3.3	0.016625	18.0	0.021	0.0	0.0	0.0	0.30416675000000004	5.0	0.5
2013-10-26	1.401449	3.0	3.3	0.016625	18.0	0.021	0.0	0.0	0.0	0.30416675000000004	5.0	0.5
2013-10-27	1.401449	3.0	3.3	0.016625	18.0	0.021	0.0	0.0	0.0	0.30416675000000004	5.0	0.5
2013-10-28	1.401449	3.0	3.3	0.016625	18.0	0.021	0.0	0.0	0.0	0.30416675000000004	5.0	0.5
2013-10-29	1.401449	3.0	3.3	0.016625	18.0	0.021	0.0	0.0	0.0	0.30416675000000004	5.0	0.5
2013-10-30	1.069565	3	3.3	0.018417	18	0.021	0.0	0.0	0.0	0.2	2.0	0.3
2013-10-31	1.541667	2	2.7	0.017208	18	0.021	0.0854165	0.0	0.2	0.1958335	2.0	0.2
2013-11-01	1.704167	3	3.4	0.010167	12	0.014	0.0395835	0.0	0.1	0.1979165	2.0	0.3
2013-11-02	0.841667	2	2.1	0.0285	30	0.035	0.0520835	0.0	0.2	0.1541664999999999	2.0	0.2
2013-11-03	0.729167	2	2.0	0.027	27	0.032	0.1270835	0.0	0.2	0.1708335	2.0	0.2
2013-11-04	1.183333	2	2.8	0.028667	30	0.035	0.1242425	0.0	0.2	0.2172345	3.0	0.3
2013-11-05	1.516667	7	7.7	0.025333	25	0.03	0.10625	0.0	0.2	0.2104165	3.0	0.4
2013-11-06	1.206667	5	5.2	0.014417	13	0.015	0.0	0.0	0.0	0.159244	2.0	0.2
2013-11-07	0.8	2	2.3	0.026125	27	0.032	0.0	0.0	0.0	0.1020835	1.0	0.2
2013-11-08	1.55	4	4.5	0.02575	26	0.031	0.0	0.0	0.0	0.1166664999999999	2.0	0.3
2013-11-09	1.375	6	6.7	0.018875	23	0.027	0.0	0.0	0.0	0.1145835	2.0	0.2
2013-11-10	1.3875	2	2.2	0.027125	29	0.034	0.0	0.0	0.0	0.10625	1.0	0.2
2013-11-11	1.4125	3	3.4	0.029083	27	0.032	0.0	0.0	0.0	0.1020835	1.0	0.2
2013-11-12	1.5375	4	4.8	0.0205	24	0.028	0.0	0.0	0.0	0.133333	2.0	0.2
2013-11-13	1.308333	2	2.6	0.016208	18	0.021	0.0	0.0	0.0	0.2	2.0	0.3
2013-11-14	1.245833	3	3.3	0.021292	23	0.027	0.0	0.0	0.0	0.2020834999999999	2.0	0.3
2013-11-15	1.1625	2	2.7	0.026208	28	0.033	0.0	0.0	0.0	0.172917	2.0	0.2
2013-11-16	0.3625	2	2.2	0.028792	25	0.03	0.0	0.0	0.0	0.108333	2.0	0.2
2013-11-17	0.679167	2	2.1	0.027417	25	0.03	0.0	0.0	0.0	0.10625	1.0	0.2
2013-11-18	0.183333	0	0.7	0.026458	25	0.029	0.0	0.0	0.0	0.1	1.0	0.1
2013-11-19	0.104167	1	1.1	0.024875	25	0.029	0.0	0.0	0.0	0.1041665	1.0	0.2
2013-11-20	1.495455	3	3.4	0.02175	24	0.028	0.0	0.0	0.0	0.158333	2.0	0.2
2013-11-21	1.866667	3	3.9	0.0265	30	0.035	0.0	0.0	0.0	0.195238	2.0	0.2
2013-11-22	1.65	4	4.4	0.033958	36	0.043	0.0	0.0	0.0	0.1104165	2.0	0.2
2013-11-23	0.7	3	3.0	0.038458	37	0.044	0.0	0.0	0.0	0.10625	1.0	0.2
2013-11-24	1.166667	3	3.6	0.033417	32	0.038	0.0	0.0	0.0	0.1145835	2.0	0.2
2013-11-25	1.655	5	5.4	0.031111	31	0.037	0.0	0.0	0.0	0.1625	2.0	0.2
2013-11-26	1.704762	4	4.8	0.026952	25	0.029	0.0	0.0	0.0	0.1609845	2.0	0.2
2013-11-27	2.229412	4	4.1	0.026368	25	0.03	0.017647	0.0	0.1	0.1875	2.0	0.2
2013-11-28	1.4	4	4.8	0.023625	24	0.028	0.0020835	0.0	0.1	0.1833334999999999	2.0	0.3
2013-11-29	1.430435	2	2.9	0.01525	15	0.018	0.0	0.0	0.0	0.2043479999999999	2.0	0.3
2013-11-30	0.920833	1	1.6	0.015818	14	0.017	0.0	0.0	0.0	0.2020834999999999	2.0	0.3
2013-12-01	0.9875	2	2.1	0.022773	25	0.029	0.0	0.0	0.0	0.2170289999999999	3.0	0.3
2013-12-02	0.685714	1	1.5	0.029917	29	0.034	0.0	0.0	0.0	0.20625	3.0	0.3
2013-12-03	0.754167	1	1.3	0.027792	28	0.033	0.0	0.0	0.0	0.2020834999999999	2.0	0.3
2013-12-04	0.591667	1.0	1.3	0.0293545	28.0	0.033	0.0	0.0	0.0	0.2125002499999999	3.0	0.3
2013-12-05	0.591667	1.0	1.3	0.0293545	28.0	0.033	0.0	0.0	0.0	0.2125002499999999	3.0	0.3
2013-12-06	0.429167	1	1.3	0.030917	28	0.033	0.0	0.0	0.0	0.2229169999999999	3.0	0.3
2013-12-07	0.814286	1	1.9	0.028136	25	0.03	0.0	0.0	0.0	0.2770835	3.0	0.3
2013-12-08	1.43125	3	3.1	0.027955	25	0.03	0.0	0.0	0.0	0.274638	3.0	0.5
2013-12-09	1.773913	3	3.9	0.027333	25	0.029	0.0	0.0	0.0	0.260606	3.0	0.4
2013-12-10	1.3375	4	4.1	0.0245	23	0.027	0.0	0.0	0.0	0.2020834999999999	2.0	0.3
2013-12-11	0.825	3	3.6	0.023125	21	0.025	0.0	0.0	0.0	0.2	2.0	0.2
2013-12-12	0.747619	1	1.9	0.024042	23	0.027	0.0	0.0	0.0	0.2020834999999999	2.0	0.3
2013-12-13	0.975	2	2.3	0.021917	25	0.029	0.0	0.0	0.0	0.20625	2.0	0.3
2013-12-14	1.708696	3	3.0	0.01245	12	0.014	0.0	0.0	0.0	0.2576085	3.0	0.4
2013-12-15	1.3375	2	2.7	0.011773	13	0.015	0.0	0.0	0.0	0.2997285	5.0	0.6
2013-12-16	1.195455	2	2.6	0.017389	18	0.021	0.0	0.0	0.0	0.225	3.0	0.4
2013-12-17	2.309524	5	5.1	0.017417	19	0.023	0.007143	0.0	0.1	0.2624999999999999	5.0	0.4
2013-12-18	1.608333	2	2.5	0.021375	29	0.034	0.0020835	0.0	0.1	0.3041665	5.0	0.4
2013-12-19	0.904348	1	1.8	0.029833	29	0.034	0.002174	0.0	0.1	0.295652	3.0	0.3
2013-12-20	1.241667	2	2.8	0.027125	25	0.03	0.0166665	0.0	0.1	0.3	3.0	0.3
2013-12-21	0.825	2	2.0	0.023429	22	0.026	0.0375	0.0	0.1	0.30625	3.0	0.4
2013-12-22	0.885714	1	1.6	0.01285	13	0.015	0.057143	0.0	0.2	0.3	3.0	0.3
2013-12-23	1.529167	3	3.5	0.010958	11	0.013	0.1416665	0.0	0.3	0.3083335	3.0	0.4
2013-12-24	1.578261	3	3.0	0.010292	11	0.013	0.1447205	0.0	0.3	0.351087	5.0	0.4
2013-12-25	0.670833	2	2.4	0.014792	18	0.021	0.0229165	0.0	0.1	0.325	5.0	0.4
2013-12-26	1.283333	6	6.6	0.027042	31	0.036	0.0520835	0.0	0.2	0.31875	5.0	0.4
2013-12-27	1.042857	3	3.1	0.021792	28	0.033	0.0738095	0.0	0.1	0.3333335	5.0	0.5
2013-12-28	0.8125	1	1.6	0.017273	17	0.02	0.1520835	0.0	0.4	0.39375	5.0	0.4
2013-12-29	0.566667	2	2.4	0.030909	31	0.036	0.5166664999999999	0.0	0.6	0.349432	5.0	0.4
2013-12-30	1.695833	4	4.0	0.028083	28	0.033	0.6291665	0.0	0.7	0.4395835	7.0	0.7
2013-12-31	2.0375	3	3.4	0.023684	23	0.027	0.6083335	0.0	0.7	0.6000000000000001	8.0	0.8
2014-01-01	1.87619	3	3.7	0.013333	18	0.019	0.6714285	0.0	0.8	0.517763	7.0	0.6
2014-01-02	1.725	6	6.4	0.016625	19	0.021	0.7541665	0.0	0.8	0.4604165	6.0	0.6
2014-01-03	2.182609	3	3.5	0.014417	18	0.019	0.779193	0.0	0.8	0.5020835	7.0	0.6
2014-01-04	0.829167	2	2.1	0.024682	39	0.042	0.7625	0.0	0.9	0.4583335	6.0	0.5
2014-01-05	0.99375	2	2.4	0.028773	38	0.041	0.870625	0.0	0.9	0.4576085	6.0	0.5
2014-01-06	1.080952	3	3.8	0.025875	29	0.031	0.929762	1.0	1.0	0.4979165	6.0	0.5
2014-01-07	2.995833	10	11.1	0.02125	28	0.03	1.0354165	1.0	1.1	0.5375	7.0	0.7
2014-01-08	0.57	1	1.8	0.019063	19	0.021	0.9525	1.0	1.0	0.3708335	7.0	0.6
2014-01-09	0.520833	1	1.8	0.0235	26	0.028	0.95	1.0	1.0	0.1916665	2.0	0.2
2014-01-10	0.5	1	1.7	0.017125	19	0.021	0.9395835	1.0	1.0	0.2	2.0	0.2
2014-01-11	0.138095	0	0.5	0.029545	29	0.031	0.8857145	1.0	1.0	0.2	2.0	0.2
2014-01-12	0.8125	2	2.1	0.024318	27	0.029	0.8125	0.0	0.9	0.212953	3.0	0.3
2014-01-13	1.022222	2	2.7	0.01875	25	0.027	0.835	1.0	1.0	0.2192029999999999	3.0	0.3
2014-01-14	2.333333	9	10.6	0.026958	34	0.037	1.0020835	1.0	1.1	0.2270835	3.0	0.4
2014-01-15	1.113636	7	7.4	0.038529	40	0.043	1.0333335	1.0	1.1	0.2043479999999999	2.0	0.3
2014-01-16	0.961111	2	2.8	0.03525	39	0.042	0.0	0.0	0.0	0.2	2.0	0.2
2014-01-17	1.141667	4	4.0	0.026458	31	0.034	0.0041665	0.0	0.1	0.20625	2.0	0.3
2014-01-18	0.930435	2	2.0	0.01885	20	0.022	0.0	0.0	0.0	0.251087	3.0	0.3
2014-01-19	0.84375	1	1.8	0.018182	27	0.029	0.0	0.0	0.0	0.2761774999999999	3.0	0.3
2014-01-20	1.325	3	3.8	0.0215	28	0.03	0.0	0.0	0.0	0.2312499999999999	3.0	0.4
2014-01-21	1.228571	2	2.7	0.017375	21	0.023	0.0	0.0	0.0	0.2624999999999999	3.0	0.3
2014-01-22	0.841667	2	2.8	0.017	18	0.019	0.0	0.0	0.0	0.2229169999999999	3.0	0.3
2014-01-23	0.808696	2	2.9	0.034125	37	0.04	0.004348	0.0	0.1	0.202174	2.0	0.3
2014-01-24	0.545455	1	1.4	0.032125	32	0.035	0.0022725	0.0	0.1	0.239394	3.0	0.3
2014-01-25	1.104167	3	3.2	0.027143	28	0.03	0.0041665	0.0	0.1	0.2979165	3.0	0.3
2014-01-26	0.9	1	1.9	0.01915	20	0.022	0.0	0.0	0.0	0.2869565	3.0	0.4
2014-01-27	0.9375	3	3.2	0.019792	20	0.022	0.0020835	0.0	0.1	0.2395835	3.0	0.4
2014-01-28	0.643478	2	2.9	0.016083	19	0.02	0.0	0.0	0.0	0.2553445	3.0	0.3
2014-01-29	0.428571	1	1.0	0.027625	30	0.032	0.2694805	0.0	0.7	0.259511	3.0	0.3
2014-01-30	1.15	3	3.4	0.0285	29	0.031	0.6916665	0.0	0.8	0.28125	3.0	0.3
2014-01-31	0.9375	2	2.5	0.027042	29	0.031	0.7270835	1.0	1.1	0.258333	3.0	0.4
2014-02-01	0.154167	0	0.5	0.031125	31	0.033	0.6833335	0.0	0.9	0.2124999999999999	3.0	0.3
2014-02-02	0.533333	1	1.7	0.028667	31	0.033	0.7238095	0.0	0.9	0.2458334999999999	3.0	0.3
2014-02-03	0.778261	1	1.4	0.02775	29	0.031	0.743831	0.0	0.9	0.278714	3.0	0.3
2014-02-04	0.829167	5	5.3	0.028	30	0.032	0.7145835	0.0	0.8	0.254167	3.0	0.3
2014-02-05	1.008333	3	3.6	0.029875	31	0.033	0.8354165	1.0	1.0	0.2570075	3.0	0.4
2014-02-06	0.4375	2	2.1	0.027458	27	0.029	0.78125	0.0	0.9	0.302381	3.0	0.4
2014-02-07	0.091667	0	0.5	0.028083	28	0.03	0.7875	0.0	0.9	0.3	3.0	0.3
2014-02-08	0.0875	0	0.7	0.0265	27	0.029	0.8187500000000001	0.0	0.9	0.3	3.0	0.3
2014-02-09	0.557143	2	2.0	0.021167	23	0.025	0.8523809999999999	0.0	0.9	0.322917	5.0	0.4
2014-02-10	0.358333	1	1.9	0.025083	27	0.029	0.7833334999999999	0.0	0.9	0.3083335	5.0	0.4
2014-02-11	0.479167	1	1.8	0.01975	27	0.029	0.81875	0.0	0.9	0.31875	5.0	0.5
2014-02-12	0.225	1	1.4	0.023292	27	0.029	0.7354165	0.0	0.9	0.35	5.0	0.4
2014-02-13	1.104348	3	3.9	0.012667	15	0.016	0.767702	0.0	0.8	0.3852355	5.0	0.5
2014-02-14	0.345833	1	1.7	0.017792	19	0.021	0.7937500000000001	0.0	0.9	0.3729165	5.0	0.4
2014-02-15	0.0625	0	0.2	0.024417	31	0.033	0.84375	0.0	0.9	0.4	5.0	0.4
2014-02-16	0.033333	0	0.2	0.031667	31	0.033	0.838095	0.0	0.9	0.4	5.0	0.4
2014-02-17	0.129167	0	0.6	0.026292	30	0.032	0.8770834999999999	1.0	1.0	0.4916669999999999	6.0	0.7
2014-02-18	0.191667	1	1.0	0.028958	31	0.033	0.8812500000000001	1.0	1.0	0.43125	6.0	0.5
2014-02-19	0.62381	2	2.1	0.029889	30	0.032	0.8559525	1.0	1.0	0.445635	6.0	0.5
2014-02-20	0.725	1	1.9	0.02625	28	0.03	0.8	1.0	1.1	0.5	6.0	0.5
2014-02-21	0.666667	2	2.2	0.019792	21	0.023	0.8354165	0.0	0.9	0.5	6.0	0.5
2014-02-22	0.875	4	4.0	0.015583	16	0.017	0.8999999999999999	1.0	1.1	0.510417	7.0	0.7
2014-02-23	1.090476	2	2.9	0.022292	28	0.03	0.8976190000000001	1.0	1.0	0.545833	7.0	0.6
2014-02-24	0.891304	3	3.4	0.02475	26	0.028	0.8532464999999999	1.0	1.0	0.5362315	7.0	0.7
2014-02-25	1.054545	3	3.8	0.02425	26	0.028	0.8208335	1.0	1.0	0.56875	7.0	0.7
2014-02-26	0.218182	1	1.0	0.027167	32	0.035	0.9625	1.0	1.1	0.6041665	7.0	0.8
2014-02-27	0.147826	1	1.0	0.03125	31	0.034	0.8875	1.0	1.1	0.610417	8.0	0.7
2014-02-28	0.070833	0	0.6	0.03075	31	0.034	0.8979165	1.0	1.0	0.6708335	8.0	0.8
2014-03-01	0.341667	1	1.2	0.028	29	0.031	0.99375	1.0	1.2	0.6125	9.0	0.9
2014-03-02	0.080952	0	0.4	0.027625	29	0.031	0.7238095	1.0	1.0	0.4	5.0	0.4
2014-03-03	0.1	1	1.0	0.025111	29	0.031	0.9645835	1.0	1.1	0.4	5.0	0.4
2014-03-04	0.225	1	1.0	0.023167	25	0.027	0.9229165	1.0	1.1	0.4	5.0	0.4
2014-03-05	0.029167	0	0.5	0.028208	30	0.032	0.9604165	1.0	1.0	0.4	5.0	0.4
2014-03-06	0.136364	0	0.5	0.029708	30	0.032	0.962733	1.0	1.1	0.480888	6.0	0.5
2014-03-07	0.483333	2	2.3	0.022583	23	0.025	0.8999999999999999	1.0	1.0	0.5	6.0	0.5
2014-03-08	0.1625	1	1.1	0.022708	30	0.032	0.6625	0.0	0.8	0.5020835	6.0	0.6
2014-03-09	0.0	0	0.0	0.026542	30	0.032	0.4690475	0.0	0.6	0.5	6.0	0.5
2014-03-10	0.291667	1	1.0	0.03225	32	0.035	0.5604165	0.0	0.7	0.5	6.0	0.5
2014-03-11	0.766667	2	2.4	0.0315	38	0.041	0.6312500000000001	0.0	0.9	0.5020835	6.0	0.6
2014-03-12	0.795	3	3.1	0.032882	38	0.041	0.7937500000000001	1.0	1.0	0.5041665	6.0	0.6
2014-03-13	1.025	3	3.1	0.024588	24	0.026	0.7041664999999999	1.0	1.1	0.5916665	7.0	0.7
2014-03-14	0.961538	1	1.9	0.022125	23	0.025	0.75	1.0	1.0	0.6125	8.0	0.8
2014-03-15	0.7133775	1.0	1.9	0.0247935	29.0	0.031	0.69895825	1.0	1.0	0.56331525	8.0	0.8
2014-03-16	0.7133775	1.0	1.9	0.0247935	29.0	0.031	0.69895825	1.0	1.0	0.56331525	8.0	0.8
2014-03-17	0.465217	1	1.1	0.027462	29	0.031	0.6479165	1.0	1.0	0.5141305	8.0	0.8
2014-03-18	0.741667	2	2.0	0.025875	27	0.029	0.1904765	0.0	0.9	0.138315	2.0	0.2
2014-03-19	0.544444	1	1.4	0.030333	31	0.033	0.0	0.0	0.0	0.125	3.0	0.4
2014-03-20	0.883333	5	5.5	0.029375	31	0.033	0.0	0.0	0.0	0.0416665	1.0	0.1
2014-03-21	0.616667	2	2.0	0.028625	30	0.032	0.0	0.0	0.0	0.0958334999999999	2.0	0.3
2014-03-22	0.670833	1	1.7	0.028458	30	0.032	0.0	0.0	0.0	0.0916665	2.0	0.2
2014-03-23	1.09	2	2.6	0.026167	27	0.029	0.0	0.0	0.0	0.1083335	2.0	0.2
2014-03-24	0.591667	1	1.9	0.029417	35	0.038	0.0	0.0	0.0	0.09375	1.0	0.2
2014-03-25	0.066667	0	0.4	0.0315	33	0.036	0.0	0.0	0.0	0.0979164999999999	1.0	0.1
2014-03-26	0.1	0	0.5	0.03025	29	0.031	0.0	0.0	0.0	0.1333335	3.0	0.4
2014-03-27	0.0375	0	0.4	0.029833	30	0.032	0.0	0.0	0.0	0.11875	3.0	0.3
2014-03-28	0.0	0	0.0	0.025875	31	0.033	0.0	0.0	0.0	0.19375	2.0	0.3
2014-03-29	0.0	0	0.0	0.031542	31	0.033	0.0	0.0	0.0	0.1	2.0	0.2
2014-03-30	0.0826085	1.0	1.0	0.031396	32.0	0.035	0.0	0.0	0.0	0.1	2.0	0.2
2014-03-31	0.0826085	1.0	1.0	0.031396	32.0	0.035	0.0	0.0	0.0	0.1	2.0	0.2
2014-04-01	0.0826085	1.0	1.0	0.031396	32.0	0.035	0.0	0.0	0.0	0.1	2.0	0.2
2014-04-02	0.0826085	1.0	1.0	0.031396	32.0	0.035	0.0	0.0	0.0	0.1	2.0	0.2
2014-04-03	0.165217	1	1.0	0.03125	32	0.035	0.0	0.0	0.0	0.1	1.0	0.1
2014-04-04	0.5875	1	1.7	0.032083	33	0.036	0.0	0.0	0.0	0.139583	2.0	0.2
2014-04-05	0.3625	2	2.4	0.032286	32	0.035	0.0	0.0	0.0	0.1520834999999999	2.0	0.2
2014-04-06	0.571429	1	1.2	0.02115	26	0.028	0.0	0.0	0.0	0.2	2.0	0.2
2014-04-07	0.7375	1	1.8	0.01125	12	0.013	0.0	0.0	0.0	0.2	2.0	0.2
2014-04-08	0.930435	2	2.1	0.013333	14	0.015	0.0	0.0	0.0	0.202174	2.0	0.3
2014-04-09	0.736364	2	2.2	0.021625	29	0.031	0.0	0.0	0.0	0.2	2.0	0.2
2014-04-10	0.995833	2	2.9	0.025833	28	0.03	0.0	0.0	0.0	0.2	2.0	0.2
2014-04-11	0.883333	4	4.9	0.026625	30	0.032	0.0	0.0	0.0	0.2020834999999999	2.0	0.3
2014-04-12	0.2875	1	1.0	0.032625	34	0.037	0.0	0.0	0.0	0.2	2.0	0.2
2014-04-13	0.483333	1	1.4	0.026875	27	0.029	0.0	0.0	0.0	0.2	2.0	0.2
2014-04-14	0.566667	1	1.0	0.032667	35	0.038	0.0	0.0	0.0	0.2	2.0	0.2
2014-04-15	0.641667	2	2.3	0.035	34	0.037	0.0	0.0	0.0	0.2	2.0	0.2
2014-04-16	0.75	1	1.7	0.03225	34	0.037	0.0	0.0	0.0	0.20625	2.0	0.3
2014-04-17	1.031818	2	2.0	0.026875	27	0.029	0.0	0.0	0.0	0.1828805	2.0	0.2
2014-04-18	0.941667	2	2.7	0.023625	25	0.027	0.0	0.0	0.0	0.1229164999999999	2.0	0.2
2014-04-19	0.645833	4	4.2	0.027708	31	0.033	0.0	0.0	0.0	0.11875	2.0	0.2
2014-04-20	0.333333	1	1.0	0.0255	31	0.033	0.0	0.0	0.0	0.1145835	2.0	0.2
2014-04-21	0.3625	1	1.3	0.034083	38	0.041	0.0	0.0	0.0	0.1104165	1.0	0.2
2014-04-22	0.091667	0	0.8	0.036375	37	0.04	0.0	0.0	0.0	0.10625	1.0	0.2
2014-04-23	0.008333	0	0.8	0.028667	30	0.032	0.0	0.0	0.0	0.152083	2.0	0.2
2014-04-24	0.158333	1	1.0	0.028292	28	0.03	0.0	0.0	0.0	0.2	2.0	0.2
2014-04-25	0.304167	1	1.4	0.033083	33	0.036	0.0	0.0	0.0	0.2	2.0	0.2
2014-04-26	0.066667	1	1.0	0.033625	33	0.036	0.0	0.0	0.0	0.2	2.0	0.2
2014-04-27	0.1125	0	0.9	0.032375	32	0.035	0.0	0.0	0.0	0.2	2.0	0.2
2014-04-28	0.820833	2	2.7	0.031	31	0.034	0.0	0.0	0.0	0.2	2.0	0.2
2014-04-29	0.983333	2	2.4	0.026458	28	0.03	0.0	0.0	0.0	0.2	2.0	0.2
2014-04-30	0.358333	1	1.9	0.036042	40	0.043	0.0	0.0	0.0	0.2	2.0	0.2
2014-05-01	0.333333	1	1.9	0.033042	38	0.041	0.0020835	0.0	0.1	0.2	2.0	0.2
2014-05-02	0.583333	2	2.0	0.022292	23	0.025	0.0	0.0	0.0	0.2	2.0	0.2
2014-05-03	0.025	0	0.4	0.028292	30	0.032	0.0	0.0	0.0	0.2	2.0	0.2
2014-05-04	0.025	0	0.3	0.027042	29	0.031	0.0	0.0	0.0	0.2	2.0	0.2
2014-05-05	0.381818	1	1.9	0.031542	32	0.035	0.0	0.0	0.0	0.20625	2.0	0.3
2014-05-06	0.419048	0	0.9	0.030625	31	0.034	0.0	0.0	0.0	0.2020834999999999	2.0	0.3
2014-05-07	0.640909	1	1.9	0.033583	35	0.038	0.264394	0.0	0.5	0.1729165	3.0	0.3
2014-05-08	0.06087	0	0.4	0.025167	28	0.03	0.4158385	0.0	0.5	0.1021739999999999	1.0	0.2
2014-05-09	0.066667	0	0.5	0.032292	32	0.035	0.3562499999999999	0.0	0.5	0.1	1.0	0.1
2014-05-10	0.220833	0	0.7	0.030727	31	0.033	0.4125	0.0	0.5	0.1124999999999999	1.0	0.2
2014-05-11	0.58	2	2.3	0.024545	25	0.027	0.4391665	0.0	0.5	0.1531705	2.0	0.2
2014-05-12	0.804348	1	1.8	0.020833	20	0.022	0.4130435	0.0	0.5	0.18125	2.0	0.2
2014-05-13	1.165217	3	3.1	0.023583	28	0.03	0.421739	0.0	0.5	0.2	2.0	0.2
2014-05-14	0.370833	1	1.3	0.03225	32	0.035	0.49375	0.0	0.9	0.1708335	2.0	0.2
2014-05-15	0.783333	5	5.0	0.027708	29	0.031	0.4854165	0.0	0.6	0.2	2.0	0.2
2014-05-16	0.504762	1	1.4	0.024875	26	0.028	0.470238	0.0	0.6	0.2	2.0	0.2
2014-05-17	0.2125	0	0.8	0.027125	30	0.032	0.4645835	0.0	0.5	0.2	2.0	0.2
2014-05-18	0.0	0	0.1	0.0255	25	0.027	0.490625	0.0	0.6	0.190909	2.0	0.2
2014-05-19	0.263636	2	2.3	0.0275	28	0.03	0.4811689999999999	0.0	0.5	0.2	2.0	0.2
2014-05-20	0.375	1	1.0	0.0255	25	0.027	0.5229165	0.0	0.6	0.2	2.0	0.2
2014-05-21	0.204762	0	0.7	0.026167	28	0.03	0.4678569999999999	0.0	0.6	0.2	2.0	0.2
2014-05-22	0.5625	1	1.8	0.021208	23	0.025	0.4812499999999999	0.0	0.6	0.2	2.0	0.2
2014-05-23	0.408696	1	1.5	0.019792	20	0.022	0.4037265	0.0	0.6	0.2	2.0	0.2
2014-05-24	0.116667	0	0.4	0.024542	26	0.028	0.49375	0.0	0.7	0.2	2.0	0.2
2014-05-25	0.288235	1	1.3	0.02425	24	0.026	0.492941	0.0	0.6	0.2	2.0	0.2
2014-05-26	0.42381	1	1.7	0.026083	31	0.033	0.5392859999999999	0.0	0.6	0.2	2.0	0.2
2014-05-27	0.558333	1	1.4	0.029542	31	0.033	0.4604165	0.0	0.7	0.2	2.0	0.2
2014-05-28	0.269565	1	1.7	0.027583	29	0.031	0.5546585	0.0	0.7	0.2	2.0	0.2
2014-05-29	0.525	1	1.5	0.028208	31	0.034	0.5291665	0.0	0.7	0.20625	2.0	0.3
2014-05-30	0.533333	1	1.2	0.030625	31	0.033	0.5249999999999999	0.0	0.6	0.2541664999999999	3.0	0.3
2014-05-31	0.42381	1	1.2	0.027292	27	0.029	0.2916665	0.0	0.6	0.2125	2.0	0.3
2014-06-01	0.3	0	0.6	0.025875	26	0.028	0.5435295	0.0	0.7	0.2	2.0	0.2
2014-06-02	0.313043	0	0.8	0.024708	26	0.028	0.537578	0.0	0.7	0.238315	3.0	0.3
2014-06-03	0.316667	1	1.1	0.026208	29	0.031	0.4979165	0.0	0.7	0.266667	3.0	0.3
2014-06-04	0.691667	1	1.9	0.022333	24	0.026	0.5104165	0.0	0.7	0.3	3.0	0.3
2014-06-05	0.721429	3	3.0	0.021389	24	0.026	0.4594735	0.0	0.7	0.2416665	3.0	0.3
2014-06-06	0.516667	1	1.7	0.023125	25	0.027	0.6520835	0.0	0.8	0.1041665	1.0	0.2
2014-06-07	0.373913	0	0.6	0.020957	22	0.024	0.7086954999999999	0.0	0.8	0.138315	2.0	0.2
2014-06-08	0.470588	1	1.5	0.017333	19	0.02	0.6711765000000001	0.0	0.8	0.1086955	1.0	0.2
2014-06-09	0.558333	1	1.4	0.020167	23	0.025	0.5	0.0	0.7	0.145833	2.0	0.2
2014-06-10	0.490476	2	2.1	0.023	24	0.026	0.669048	0.0	0.8	0.1645835	2.0	0.2
2014-06-11	0.558333	1	1.3	0.01825	19	0.02	0.6354165	0.0	0.7	0.1958335	2.0	0.2
2014-06-12	1.008696	3	3.0	0.019	19	0.021	0.565528	0.0	0.7	0.1913045	2.0	0.2
2014-06-13	0.8	2	2.0	0.021333	22	0.024	0.4604165	0.0	0.7	0.2	2.0	0.2
2014-06-14	0.466667	1	1.2	0.022455	24	0.026	0.5208335	0.0	0.7	0.2	2.0	0.2
2014-06-15	0.66	1	1.7	0.022545	22	0.024	0.4975	0.0	0.6	0.2	2.0	0.2
2014-06-16	0.530435	1	1.7	0.022833	23	0.025	0.619565	0.0	0.8	0.2	2.0	0.2
2014-06-17	0.80625	1	1.9	0.019286	20	0.022	0.31875	0.0	0.6	0.2	2.0	0.2
2014-06-18	0.528571	1	1.2	0.017833	19	0.02	0.079762	0.0	0.3	0.2	2.0	0.2
2014-06-19	0.608333	1	1.6	0.016292	18	0.019	0.1270835	0.0	0.5	0.2	2.0	0.2
2014-06-20	0.819048	2	2.7	0.022333	28	0.03	0.0547615	0.0	0.6	0.2	2.0	0.2
2014-06-21	0.204167	0	0.6	0.023208	23	0.025	0.26875	0.0	0.5	0.2	2.0	0.2
2014-06-22	0.33125	0	0.8	0.022458	22	0.024	0.303125	0.0	0.5	0.2	2.0	0.2
2014-06-23	0.770833	2	2.0	0.020042	21	0.023	0.4583335	0.0	0.6	0.2020834999999999	2.0	0.3
2014-06-24	0.733333	2	2.2	0.013583	14	0.015	0.4833334999999999	0.0	0.6	0.2	2.0	0.2
2014-06-25	0.509524	1	1.5	0.013292	16	0.017	0.402381	0.0	0.5	0.2	2.0	0.2
2014-06-26	0.383333	1	1.0	0.013958	19	0.02	0.40625	0.0	0.5	0.2	2.0	0.2
2014-06-27	0.517391	2	2.1	0.014583	16	0.017	0.360559	0.0	0.5	0.202174	2.0	0.3
2014-06-28	1.129167	4	4.3	0.017667	19	0.021	0.3	0.0	0.4	0.220833	3.0	0.3
2014-06-29	0.411765	1	1.7	0.018375	20	0.022	0.3958825	0.0	0.5	0.2147645	3.0	0.3
2014-06-30	0.72381	1	1.6	0.016667	18	0.019	0.4238094999999999	0.0	0.6	0.2020834999999999	2.0	0.3
2014-07-01	0.541667	1	1.8	0.018208	19	0.02	0.40625	0.0	0.5	0.2	2.0	0.2
2014-07-02	0.713043	3	3.5	0.017875	18	0.019	0.3763975	0.0	0.5	0.2	2.0	0.2
2014-07-03	0.566667	2	2.1	0.02075	22	0.024	0.3979165	0.0	0.5	0.2	2.0	0.2
2014-07-04	0.475	1	1.9	0.018917	19	0.021	0.36875	0.0	0.5	0.214583	3.0	0.3
2014-07-05	0.77619	2	2.3	0.017792	19	0.021	0.375	0.0	0.5	0.2395834999999999	3.0	0.3
2014-07-06	0.394118	0	0.8	0.014083	17	0.018	0.352353	0.0	0.4	0.2255435	3.0	0.3
2014-07-07	0.866667	3	3.7	0.011417	13	0.014	0.3290475	0.0	0.4	0.215036	3.0	0.3
2014-07-08	0.45	1	1.4	0.013	16	0.017	0.3462119999999999	0.0	0.4	0.2195075	3.0	0.3
2014-07-09	0.1625	1	1.1	0.01525	17	0.018	0.3166665	0.0	0.4	0.2	2.0	0.2
2014-07-10	0.371429	1	1.8	0.015889	16	0.017	0.3204545	0.0	0.4	0.149621	2.0	0.2
2014-07-11	0.675	1	1.6	0.017333	19	0.02	0.2604165	0.0	0.4	0.1	1.0	0.1
2014-07-12	0.358333	1	1.0	0.017542	19	0.02	0.3208335	0.0	0.4	0.1	1.0	0.1
2014-07-13	0.491667	3	3.9	0.021125	23	0.025	0.2770835	0.0	0.4	0.1	1.0	0.1
2014-07-14	0.642857	1	1.5	0.016542	18	0.019	0.2145834999999999	0.0	0.3	0.1041665	1.0	0.2
2014-07-15	0.370833	1	1.7	0.017458	20	0.022	0.2375	0.0	0.3	0.1	1.0	0.1
2014-07-16	0.8	3	3.3	0.014778	16	0.017	0.225325	0.0	0.4	0.1045454999999999	1.0	0.2
2014-07-17	0.15	0	0.5	0.017792	19	0.02	0.2041665	0.0	0.3	0.1	1.0	0.1
2014-07-18	0.140909	0	0.6	0.017333	19	0.02	0.181169	0.0	0.3	0.1	1.0	0.1
2014-07-19	0.191667	0	0.7	0.014125	17	0.018	0.1416665	0.0	0.2	0.129167	2.0	0.2
2014-07-20	0.358333	1	1.2	0.0145	16	0.017	0.1124999999999999	0.0	0.2	0.1416665	2.0	0.2
2014-07-21	0.258333	0	0.7	0.017708	19	0.02	0.1333335	0.0	0.2	0.1291665	2.0	0.2
2014-07-22	0.45	3	3.5	0.017167	19	0.02	0.1083335	0.0	0.2	0.2	2.0	0.2
2014-07-23	0.7	2	2.5	0.01775	19	0.02	0.0835405	0.0	0.2	0.2	2.0	0.2
2014-07-24	0.658333	2	2.1	0.019333	21	0.023	0.1791665	0.0	0.2	0.2	2.0	0.2
2014-07-25	0.665217	1	1.3	0.019	20	0.022	0.1381985	0.0	0.2	0.195652	2.0	0.2
2014-07-26	0.45	1	1.8	0.016	18	0.019	0.1229165	0.0	0.2	0.1979165	2.0	0.2
2014-07-27	0.216667	0	0.7	0.015042	17	0.018	0.0916665	0.0	0.2	0.2	2.0	0.2
2014-07-28	0.470833	1	1.5	0.013417	16	0.017	0.0854165	0.0	0.2	0.2	2.0	0.2
2014-07-29	0.316667	1	1.0	0.011917	13	0.014	0.0729165	0.0	0.1	0.2	2.0	0.2
2014-07-30	0.454167	1	1.1	0.013542	17	0.018	0.01875	0.0	0.1	0.2	2.0	0.2
2014-07-31	0.229167	1	1.6	0.019458	22	0.024	0.0666664999999999	0.0	0.3	0.2	2.0	0.2
2014-08-01	0.5	1	1.9	0.017458	19	0.021	0.0291664999999999	0.0	0.1	0.2	2.0	0.2
2014-08-02	0.270833	0	0.8	0.019083	19	0.021	0.0020835	0.0	0.1	0.2	2.0	0.2
2014-08-03	0.091667	0	0.7	0.017833	19	0.021	0.0020835	0.0	0.1	0.2	2.0	0.2
2014-08-04	0.204167	0	0.9	0.016125	18	0.019	0.0	0.0	0.0	0.2	2.0	0.2
2014-08-05	0.466667	1	1.8	0.012083	13	0.014	0.0	0.0	0.0	0.2	2.0	0.2
2014-08-06	0.566667	2	2.2	0.013042	14	0.015	0.0	0.0	0.0	0.2020834999999999	2.0	0.3
2014-08-07	0.3625	1	1.9	0.016375	18	0.019	0.0	0.0	0.0	0.2	2.0	0.2
2014-08-08	0.35	1	1.3	0.017125	19	0.02	0.05	0.0	0.1	0.2	2.0	0.2
2014-08-09	0.070833	0	0.2	0.018417	20	0.022	0.0479165	0.0	0.2	0.2	2.0	0.2
2014-08-10	0.1625	1	1.0	0.017	19	0.021	0.0770835	0.0	0.2	0.20625	2.0	0.3
2014-08-11	0.413043	1	1.8	0.017208	19	0.021	0.106818	0.0	0.2	0.2395834999999999	3.0	0.3
2014-08-12	0.533333	2	2.9	0.019083	23	0.025	0.11875	0.0	0.2	0.258333	3.0	0.3
2014-08-13	1.113636	2	2.9	0.015042	18	0.019	0.0958334999999999	0.0	0.2	0.223098	3.0	0.3
2014-08-14	0.704167	2	2.2	0.014083	17	0.018	0.1	0.0	0.1	0.1020835	1.0	0.2
2014-08-15	0.641667	1	1.7	0.017208	19	0.02	0.1333335	0.0	0.3	0.1041665	1.0	0.2
2014-08-16	0.379167	1	1.1	0.016958	18	0.019	0.1270835	0.0	0.3	0.1	1.0	0.1
2014-08-17	0.308333	1	1.0	0.018333	19	0.021	0.1145835	0.0	0.2	0.1041665	1.0	0.2
2014-08-18	0.325	1	1.0	0.020042	21	0.023	0.175	0.0	0.3	0.1104165	1.0	0.2
2014-08-19	0.419048	1	1.2	0.013222	17	0.018	0.187879	0.0	0.3	0.176721	2.0	0.2
2014-08-20	0.370833	1	1.2	0.015625	19	0.02	0.1666665	0.0	0.3	0.2	2.0	0.2
2014-08-21	0.908333	3	3.9	0.017917	20	0.022	0.1625	0.0	0.3	0.2020834999999999	2.0	0.3
2014-08-22	0.775	3	3.1	0.018917	22	0.024	0.1875	0.0	0.2	0.2020834999999999	2.0	0.3
2014-08-23	0.366667	1	1.1	0.020792	25	0.027	0.1083335	0.0	0.2	0.2	2.0	0.2
2014-08-24	0.341667	1	1.1	0.019667	23	0.025	0.1020835	0.0	0.2	0.2	2.0	0.2
2014-08-25	0.416667	1	1.9	0.016083	18	0.019	0.1083335	0.0	0.2	0.2	2.0	0.2
2014-08-26	0.933333	2	2.0	0.014042	19	0.02	0.10625	0.0	0.2	0.2041664999999999	2.0	0.3
2014-08-27	0.808333	1	1.9	0.014	19	0.02	0.1	0.0	0.1	0.2	2.0	0.2
2014-08-28	1.075	3	3.3	0.015167	19	0.02	0.0833335	0.0	0.1	0.2041664999999999	2.0	0.3
2014-08-29	0.783333	1	1.8	0.01375	15	0.016	0.0854165	0.0	0.2	0.2	2.0	0.2
2014-08-30	0.391667	1	1.3	0.018833	20	0.022	0.0479165	0.0	0.1	0.2020834999999999	2.0	0.3
2014-08-31	0.458333	3	3.2	0.023292	25	0.027	0.0895835	0.0	0.2	0.2125	2.0	0.3
2014-09-01	0.358333	1	1.0	0.020708	22	0.024	0.0520835	0.0	0.2	0.2104165	2.0	0.3
2014-09-02	0.566667	2	2.5	0.021292	26	0.028	0.025	0.0	0.1	0.20625	2.0	0.3
2014-09-03	0.5625	2	2.1	0.027375	31	0.033	0.075	0.0	0.1	0.21875	3.0	0.3
2014-09-04	0.8125	4	4.9	0.025792	28	0.03	0.0729165	0.0	0.2	0.2770829999999999	3.0	0.3
2014-09-05	1.275	2	2.3	0.023708	29	0.031	0.0	0.0	0.0	0.30625	3.0	0.4
2014-09-06	0.8125	2	2.0	0.029083	34	0.037	0.0020835	0.0	0.1	0.3020835	3.0	0.4
2014-09-07	0.583333	1	1.0	0.032417	33	0.036	0.0020835	0.0	0.1	0.3	3.0	0.3
2014-09-08	0.583333	1	1.3	0.025167	28	0.03	0.0020835	0.0	0.1	0.3020835	3.0	0.4
2014-09-09	0.55	1	1.3	0.019542	22	0.024	0.0041665	0.0	0.1	0.3	3.0	0.3
2014-09-10	0.725	2	2.3	0.020417	22	0.024	0.0	0.0	0.0	0.3	3.0	0.3
2014-09-11	1.266667	4	4.6	0.022042	22	0.024	0.036905	0.0	0.1	0.3045455	3.0	0.4
2014-09-12	1.140909	2	2.3	0.019083	22	0.024	0.0	0.0	0.0	0.3020835	3.0	0.4
2014-09-13	1.429167	4	4.0	0.020333	21	0.023	0.0	0.0	0.0	0.3	3.0	0.3
2014-09-14	0.5125	2	2.4	0.022125	26	0.028	0.0	0.0	0.0	0.3	3.0	0.3
2014-09-15	0.8	3	3.6	0.0245	28	0.03	0.0	0.0	0.0	0.2035985	3.0	0.3
2014-09-16	0.842857	2	2.8	0.022417	25	0.027	0.0	0.0	0.0	0.1	1.0	0.1
2014-09-17	1.3	3	3.6	0.014042	16	0.017	0.0	0.0	0.0	0.10625	1.0	0.2
2014-09-18	1.029167	2	2.7	0.016417	19	0.02	0.01875	0.0	0.1	0.1020835	1.0	0.2
2014-09-19	1.241667	2	2.1	0.0155	19	0.021	0.10625	0.0	0.2	0.1020835	1.0	0.2
2014-09-20	0.920833	2	2.0	0.015083	19	0.02	0.0770835	0.0	0.2	0.10625	1.0	0.2
2014-09-21	0.416667	1	1.1	0.021708	23	0.025	0.0791665	0.0	0.2	0.1	1.0	0.1
2014-09-22	0.508333	1	1.3	0.024917	30	0.032	0.0687499999999999	0.0	0.2	0.1	1.0	0.1
2014-09-23	0.290476	0	0.8	0.0175	25	0.027	0.022619	0.0	0.1	0.1	1.0	0.1
2014-09-24	0.241667	1	1.3	0.031	33	0.036	0.0229165	0.0	0.1	0.1020835	1.0	0.2
2014-09-25	0.154167	0	0.6	0.029333	28	0.03	0.0604165	0.0	0.1	0.1	1.0	0.1
2014-09-26	0.55	3	3.1	0.025875	26	0.028	0.0645835	0.0	0.1	0.1166665	2.0	0.2
2014-09-27	0.408333	1	1.0	0.0215	23	0.025	0.0520835	0.0	0.1	0.1083335	2.0	0.2
2014-09-28	0.533333	1	1.0	0.02175	24	0.026	0.0583334999999999	0.0	0.1	0.116667	2.0	0.2
2014-09-29	1.4375	3	3.1	0.022792	25	0.027	0.0604165	0.0	0.1	0.1666665	2.0	0.2
2014-09-30	0.995833	1	1.9	0.025208	27	0.029	0.0833335	0.0	0.1	0.13125	2.0	0.2
2014-10-01	1.204167	2	2.3	0.022833	26	0.028	0.0916665	0.0	0.2	0.15	2.0	0.2
2014-10-02	1.433333	3	3.7	0.029417	37	0.04	0.1291665	0.0	0.3	0.1875	2.0	0.3
2014-10-03	1.783333	5	5.5	0.037208	36	0.039	0.1541665	0.0	0.3	0.1541664999999999	2.0	0.2
2014-10-04	1.620833	5	5.0	0.03325	35	0.038	0.1166665	0.0	0.3	0.164583	2.0	0.2
2014-10-05	2.170833	6	6.1	0.027042	28	0.03	0.16875	0.0	0.3	0.2020834999999999	2.0	0.3
2014-10-06	1.420833	3	3.2	0.021	25	0.027	0.09375	0.0	0.2	0.2	2.0	0.2
2014-10-07	1.25	2	2.3	0.020917	24	0.026	0.09375	0.0	0.2	0.2	2.0	0.2
2014-10-08	1.404545	2	2.4	0.01625	19	0.021	0.092857	0.0	0.2	0.2022725	2.0	0.3
2014-10-09	1.3875	2	2.8	0.016708	20	0.022	0.1020835	0.0	0.2	0.2	2.0	0.2
2014-10-10	1.229167	2	2.2	0.017375	20	0.022	0.0729165	0.0	0.1	0.2	2.0	0.2
2014-10-11	0.7875	1	1.5	0.017	19	0.021	0.0708335	0.0	0.1	0.2	2.0	0.2
2014-10-12	0.7625	1	1.5	0.020292	21	0.023	0.0729165	0.0	0.2	0.2	2.0	0.2
2014-10-13	1.1625	5	5.5	0.024875	28	0.03	0.1083335	0.0	0.2	0.2	2.0	0.2
2014-10-14	0.718182	3	3.6	0.02775	31	0.034	0.075	0.0	0.2	0.2	2.0	0.2
2014-10-15	0.325	1	1.2	0.03375	34	0.037	0.0916665	0.0	0.1	0.2	2.0	0.2
2014-10-16	0.213043	1	1.1	0.0335	33	0.036	0.1045454999999999	0.0	0.2	0.2	2.0	0.2
2014-10-17	0.016667	0	0.2	0.029375	32	0.035	0.0916665	0.0	0.1	0.23125	3.0	0.3
2014-10-18	0.391667	1	1.9	0.01875	21	0.023	0.08125	0.0	0.1	0.24375	3.0	0.3
2014-10-19	0.420833	1	1.5	0.02275	27	0.029	0.0479165	0.0	0.1	0.2458334999999999	3.0	0.3
2014-10-20	0.222727	0	0.7	0.031917	31	0.034	0.0729165	0.0	0.1	0.2479164999999999	3.0	0.3
2014-10-21	0.220833	1	1.2	0.03025	31	0.033	0.0583334999999999	0.0	0.1	0.2020834999999999	2.0	0.3
2014-10-22	0.0	0	0.0	0.028375	30	0.032	0.0375	0.0	0.1	0.2729169999999999	3.0	0.3
2014-10-23	0.722222	1	1.9	0.029958	32	0.035	0.0791665	0.0	0.3	0.3	3.0	0.3
2014-10-24	0.18125	0	0.6	0.027	31	0.033	0.00625	0.0	0.2	0.3	3.0	0.3
2014-10-25	0.145	0	0.6	0.03075	31	0.034	0.0	0.0	0.0	0.3	3.0	0.3
2014-10-26	0.333333	1	1.9	0.028417	31	0.033	0.0	0.0	0.0	0.3	3.0	0.3
2014-10-27	1.69375	7	7.3	0.025333	28	0.03	0.0	0.0	0.0	0.3041665	3.0	0.4
2014-10-28	0.317647	1	1.0	0.024292	27	0.029	0.0	0.0	0.0	0.3	3.0	0.3
2014-10-29	1.478261	4	4.3	0.01475	18	0.019	0.0	0.0	0.0	0.33125	5.0	0.4
2014-10-30	0.725	2	2.3	0.020208	30	0.032	0.0	0.0	0.0	0.3	3.0	0.3
2014-10-31	0.408333	1	1.4	0.029292	31	0.034	0.0	0.0	0.0	0.3020835	3.0	0.4
2014-11-01	0.47	1	1.5	0.027917	30	0.032	0.0	0.0	0.0	0.3	3.0	0.3
2014-11-02	0.709524	1	1.8	0.02575	26	0.028	0.0	0.0	0.0	0.3125	3.0	0.4
2014-11-03	1.531818	4	4.0	0.022875	24	0.026	0.0	0.0	0.0	0.3288689999999999	5.0	0.4
2014-11-04	0.986364	4	4.1	0.021917	24	0.026	0.0	0.0	0.0	0.322917	5.0	0.4
2014-11-05	1.083333	2	2.6	0.016583	17	0.018	0.0	0.0	0.0	0.38447	5.0	0.4
2014-11-06	0.6	3	3.1	0.025458	28	0.03	0.0	0.0	0.0	0.3497544999999999	5.0	0.4
2014-11-07	1.190909	2	2.6	0.017708	24	0.026	0.0	0.0	0.0	0.2492424999999999	5.0	0.4
2014-11-08	0.954167	4	4.0	0.009208	10	0.011	0.0	0.0	0.0	0.147222	2.0	0.2
2014-11-09	0.8640399999999999	4.0	4.0	0.014332999999999999	26.0	0.028	0.0	0.0	0.0	0.17361100000000002	2.0	0.2
2014-11-10	0.773913	2	2.8	0.019458	26	0.028	0.0	0.0	0.0	0.2	0.0	0.2
2014-11-11	0.7625	2	2.1	0.022833	30	0.032	0.0	0.0	0.0	0.1977275	2.0	0.2
2014-11-12	0.475	2	2.4	0.029708	30	0.032	0.0	0.0	0.0	0.141667	2.0	0.2
2014-11-13	0.329167	1	1.4	0.02775	27	0.029	0.0	0.0	0.0	0.1977275	2.0	0.2
2014-11-14	0.313043	1	1.6	0.029667	31	0.033	0.0	0.0	0.0	0.1934785	2.0	0.2
2014-11-15	0.475	3	3.1	0.023917	27	0.029	0.0	0.0	0.0	0.1874094999999999	2.0	0.4
2014-11-16	0.566667	3	3.0	0.022333	29	0.031	0.0	0.0	0.0	0.1937499999999999	2.0	0.2
2014-11-17	1.35	3	3.7	0.0295	31	0.034	0.0	0.0	0.0	0.1863485	2.0	0.2
2014-11-18	0.330435	1	1.0	0.038	39	0.042	0.0	0.0	0.0	0.116099	2.0	0.2
2014-11-19	0.490476	2	2.1	0.031722	37	0.04	0.0	0.0	0.0	0.1894735	2.0	0.2
2014-11-20	0.026087	0	0.3	0.029375	29	0.031	0.0	0.0	0.0	0.2	2.0	0.2
2014-11-21	0.0	0	0.1	0.026667	28	0.03	0.0	0.0	0.0	0.2	2.0	0.2
2014-11-22	0.266667	1	1.3	0.030042	31	0.033	0.0	0.0	0.0	0.2	2.0	0.2
2014-11-23	0.845833	2	2.5	0.021583	24	0.026	0.0	0.0	0.0	0.2041664999999999	2.0	0.3
2014-11-24	1.655	4	4.8	0.019333	21	0.023	0.0	0.0	0.0	0.2125	3.0	0.3
2014-11-25	1.007692	2	2.6	0.018625	22	0.024	0.0	0.0	0.0	0.2020834999999999	2.0	0.3
2014-11-26	0.561538	1	1.4	0.02525	32	0.035	0.0	0.0	0.0	0.2	2.0	0.2
2014-11-27	0.305769	1.0	1.4	0.026416500000000002	32.0	0.035	0.0	0.0	0.0	0.2	2.0	0.2
2014-11-28	0.05	0	0.1	0.027583	30	0.032	0.0	0.0	0.0	0.2	2.0	0.2
2014-11-29	0.566667	0	0.7	0.026375	28	0.03	0.0	0.0	0.0	0.2	2.0	0.2
2014-11-30	0.466667	1	1.3	0.024917	27	0.029	0.0	0.0	0.0	0.2020834999999999	2.0	0.3
2014-12-01	0.01	0	0.1	0.025375	26	0.028	0.0	0.0	0.0	0.2	2.0	0.2
2014-12-02	0.883333	2	2.2	0.021125	25	0.027	0.0	0.0	0.0	0.21875	3.0	0.3
2014-12-03	0.416667	1	1.8	0.027292	28	0.03	0.0	0.0	0.0	0.239583	3.0	0.3
2014-12-04	0.0	0	0.0	0.030458	30	0.032	0.0	0.0	0.0	0.26875	3.0	0.3
2014-12-05	0.0	0.0	0.0	0.029082999999999998	30.0	0.032	0.0	0.0	0.0	0.284375	3.0	0.3
2014-12-06	0.0	0	0.0	0.027708	29	0.031	0.0	0.0	0.0	0.3	3.0	0.3
2014-12-07	0.2583335	1.0	1.6	0.0269165	29.0	0.031	0.0	0.0	0.0	0.3	3.0	0.3
2014-12-08	0.516667	1	1.6	0.026125	27	0.029	0.0	0.0	0.0	0.3	3.0	0.3
2014-12-09	0.0	0	0.0	0.027444	28	0.03	0.0	0.0	0.0	0.3	3.0	0.3
2014-12-10	0.2	0.0	0.5	0.0278885	29.0	0.031	0.0	0.0	0.0	0.3	3.0	0.3
2014-12-11	0.2	0.0	0.5	0.0278885	29.0	0.031	0.0	0.0	0.0	0.3	3.0	0.3
2014-12-12	0.4	0	0.5	0.028333	29	0.031	0.0	0.0	0.0	0.3	3.0	0.3
2014-12-13	0.788889	1	1.1	0.022792	23	0.025	0.0	0.0	0.0	0.3249999999999999	5.0	0.6
2014-12-14	0.56	1	1.8	0.028333	28	0.03	0.0	0.0	0.0	0.31875	5.0	0.6
2014-12-15	0.28	1.0	1.8	0.03	31.0	0.033	0.0	0.0	0.0	0.30937499999999996	5.0	0.6
2014-12-16	0.0	0	0.0	0.031667	31	0.033	0.0	0.0	0.0	0.3	3.0	0.3
2014-12-17	0.7	1	1.6	0.031458	31	0.033	0.0	0.0	0.0	0.3249999999999999	5.0	0.5
2014-12-18	0.0	0	0.0	0.03025	29	0.031	0.0	0.0	0.0	0.3	3.0	0.3
2014-12-19	1.1	1	1.7	0.028042	29	0.031	0.0	0.0	0.0	0.33125	5.0	0.5
2014-12-20	1.37	3.0	3.1	0.0241875	29.0	0.031	0.0	0.0	0.0	0.365625	5.0	0.5
2014-12-21	1.37	3.0	3.1	0.0241875	29.0	0.031	0.0	0.0	0.0	0.365625	5.0	0.5
2014-12-22	1.64	3	3.1	0.020333	21	0.023	0.0	0.0	0.0	0.4	5.0	0.4
2014-12-23	1.169231	2	2.3	0.013333	20	0.022	0.0	0.0	0.0	0.4	5.0	0.4
2014-12-24	0.0	0	0.0	0.029708	32	0.035	0.0	0.0	0.0	0.3729165	5.0	0.4
2014-12-25	0.833333	1	1.5	0.027042	29	0.031	0.0	0.0	0.0	0.4	5.0	0.4
2014-12-26	1.183333	2	2.2	0.024542	25	0.027	0.0	0.0	0.0	0.4041665	5.0	0.5
2014-12-27	0.4	0	0.6	0.021455	20	0.022	0.0	0.0	0.0	0.4	5.0	0.4
2014-12-28	1.1214285	2.0	2.6	0.023189	28.0	0.03	0.05	0.0	0.2	0.521591	8.0	0.8
2014-12-29	1.842857	2	2.6	0.024923	28	0.03	0.1	0.0	0.2	0.643182	8.0	0.8
2014-12-30	1.723077	2	2.5	0.026042	29	0.031	0.169876	0.0	0.3	0.5956520000000001	7.0	0.6
2014-12-31	2.55	4	4.2	0.027579	28	0.03	0.175	0.0	0.3	0.6125	8.0	0.7
2015-01-01	0.554167	1	1.7	0.025375	24	0.026	0.1875	0.0	0.3	0.581689	7.0	0.6
2015-01-02	1.020833	3	3.8	0.023083	23	0.025	0.2223605	0.0	0.3	0.602174	7.0	0.7
2015-01-03	0.495833	1	1.7	0.021292	22	0.024	0.2125	0.0	0.3	0.6	7.0	0.6
2015-01-04	0.145833	0	0.4	0.019	20	0.022	0.225	0.0	0.3	0.6	7.0	0.6
2015-01-05	1.195833	5	5.0	0.018458	21	0.023	0.2020835	0.0	0.3	0.6	7.0	0.6
2015-01-06	1.483333	6	6.3	0.021208	24	0.026	0.2604165	0.0	0.4	0.5729165	7.0	0.6
2015-01-07	1.325	7	7.2	0.025333	26	0.028	0.2708335	0.0	0.4	0.54375	7.0	0.6
2015-01-08	1.116667	5	5.3	0.019583	24	0.026	0.2	0.0	0.3	0.575	7.0	0.6
2015-01-09	1.845833	4	4.4	0.013458	16	0.017	0.23125	0.0	0.3	0.61875	8.0	0.7
2015-01-10	1.183333	2	2.1	0.021917	26	0.028	0.2458334999999999	0.0	0.3	0.60625	7.0	0.7
2015-01-11	0.55	2	2.0	0.023292	25	0.027	0.2479164999999999	0.0	0.3	0.6020835	7.0	0.7
2015-01-12	1.0125	3	3.3	0.02	21	0.023	0.2020835	0.0	0.3	0.610417	8.0	0.7
2015-01-13	1.859091	5	5.6	0.016389	24	0.026	0.250974	0.0	0.4	0.3507575	7.0	0.6
2015-01-14	1.179167	4	4.3	0.020667	24	0.026	0.3354165	0.0	0.5	0.1	1.0	0.1
2015-01-15	0.933333	4	4.7	0.030458	32	0.035	0.2749999999999999	0.0	0.7	0.1375	2.0	0.4
2015-01-16	1.145833	4	4.0	0.020667	25	0.027	0.0	0.0	0.0	0.1229165	2.0	0.3
2015-01-17	0.083333	0	0.7	0.017333	20	0.022	0.0	0.0	0.0	0.1020835	2.0	0.2
2015-01-18	0.445833	1	1.6	0.027833	30	0.032	0.0	0.0	0.0	0.1	1.0	0.1
2015-01-19	0.620833	2	2.6	0.023417	25	0.027	0.0	0.0	0.0	0.10625	1.0	0.2
2015-01-20	1.141667	3	3.2	0.016125	18	0.019	0.0	0.0	0.0	0.1333335	2.0	0.2
2015-01-21	1.0625	2	2.9	0.014667	16	0.017	0.0	0.0	0.0	0.1270835	2.0	0.3
2015-01-22	1.204167	3	3.9	0.013458	14	0.015	0.0	0.0	0.0	0.1416665	2.0	0.2
2015-01-23	1.163636	2	2.2	0.012417	13	0.014	0.0	0.0	0.0	0.161685	2.0	0.2
2015-01-24	0.9	2	2.1	0.012083	18	0.019	0.0	0.0	0.0	0.1895835	2.0	0.2
2015-01-25	0.85	3	3.1	0.021042	24	0.026	0.0	0.0	0.0	0.1479165	2.0	0.2
2015-01-26	1.479167	4	4.4	0.017125	19	0.02	0.0	0.0	0.0	0.1729165	2.0	0.2
2015-01-27	1.295833	2	2.6	0.018542	20	0.022	0.0	0.0	0.0	0.2	2.0	0.2
2015-01-28	1.820833	4	4.7	0.019042	20	0.022	0.0	0.0	0.0	0.2041664999999999	2.0	0.4
2015-01-29	1.458333	2	2.9	0.014667	14	0.015	0.0	0.0	0.0	0.2	2.0	0.2
2015-01-30	1.245833	3	3.1	0.012625	14	0.015	0.0	0.0	0.0	0.2	2.0	0.2
2015-01-31	1.270833	2	2.7	0.016	17	0.018	0.0	0.0	0.0	0.2	2.0	0.2
2015-02-01	1.045833	2	2.2	0.016958	18	0.019	0.0	0.0	0.0	0.2	2.0	0.3
2015-02-02	0.55	1	1.5	0.016167	17	0.018	0.0	0.0	0.0	0.2	2.0	0.2
2015-02-03	0.333333	1	1.3	0.014917	18	0.019	0.0	0.0	0.0	0.2	2.0	0.2
2015-02-04	1.054167	3	3.7	0.0165	24	0.026	0.0	0.0	0.0	0.2	2.0	0.2
2015-02-05	0.0125	0	0.2	0.02425	24	0.026	0.0	0.0	0.0	0.2	2.0	0.2
2015-02-06	0.016667	0	0.3	0.025375	31	0.033	0.0	0.0	0.0	0.2	2.0	0.2
2015-02-07	0.0	0	0.0	0.031083	31	0.033	0.0	0.0	0.0	0.2	2.0	0.2
2015-02-08	0.0	0	0.0	0.030458	31	0.033	0.0	0.0	0.0	0.2	2.0	0.2
2015-02-09	0.141667	0	0.8	0.030458	31	0.033	0.0	0.0	0.0	0.2	2.0	0.2
2015-02-10	1.008333	4	4.0	0.021917	25	0.027	0.0	0.0	0.0	0.2041664999999999	2.0	0.3
2015-02-11	1.691667	5	5.5	0.017083	19	0.02	0.0	0.0	0.0	0.225	3.0	0.3
2015-02-12	1.647826	4	4.0	0.015042	17	0.018	0.0	0.0	0.0	0.234659	3.0	0.3
2015-02-13	1.445833	2	2.8	0.011	12	0.013	0.0	0.0	0.0	0.2145834999999999	2.0	0.3
2015-02-14	0.770833	1	1.8	0.012917	15	0.016	0.0	0.0	0.0	0.225	3.0	0.3
2015-02-15	0.4875	2	2.4	0.0205	27	0.029	0.0	0.0	0.0	0.2020834999999999	2.0	0.3
2015-02-16	0.6625	2	2.6	0.018208	27	0.029	0.0	0.0	0.0	0.2020834999999999	2.0	0.3
2015-02-17	0.491667	1	1.0	0.018542	24	0.026	0.0	0.0	0.0	0.20625	2.0	0.3
2015-02-18	0.536364	1	1.4	0.018833	21	0.023	0.0	0.0	0.0	0.2	2.0	0.2
2015-02-19	0.8125	2	2.1	0.016958	18	0.019	0.0	0.0	0.0	0.20625	2.0	0.3
2015-02-20	0.790909	1	1.9	0.022042	25	0.027	0.0	0.0	0.0	0.245833	3.0	0.3
2015-02-21	0.9375	2	2.1	0.024333	26	0.028	0.0	0.0	0.0	0.25625	3.0	0.3
2015-02-22	0.475	1	1.6	0.031125	31	0.034	0.0	0.0	0.0	0.2020834999999999	2.0	0.3
2015-02-23	0.918182	4	4.2	0.033708	32	0.035	0.0	0.0	0.0	0.20625	2.0	0.3
2015-02-24	1.654545	5	5.1	0.028458	31	0.033	0.0	0.0	0.0	0.260417	3.0	0.3
2015-02-25	1.122727	2	2.8	0.025375	26	0.028	0.0	0.0	0.0	0.2627939999999999	3.0	0.3
2015-02-26	1.5375	4	4.2	0.024833	26	0.028	0.0	0.0	0.0	0.2333335	3.0	0.3
2015-02-27	0.6875	2	2.9	0.026792	26	0.028	0.0	0.0	0.0	0.208333	3.0	0.3
2015-02-28	0.895833	3	3.3	0.020625	23	0.025	0.0	0.0	0.0	0.2104165	2.0	0.3
2015-03-01	1.5	2	2.6	0.025333	29	0.031	0.0	0.0	0.0	0.2520835	3.0	0.3
2015-03-02	1.1375	2	2.6	0.028458	29	0.031	0.0	0.0	0.0	0.216667	3.0	0.3
2015-03-03	1.208333	3	3.4	0.025708	28	0.03	0.0	0.0	0.0	0.2270835	3.0	0.3
2015-03-04	2.341667	8	9.6	0.02	24	0.026	0.0	0.0	0.0	0.2916665	3.0	0.4
2015-03-05	2.472727	7	7.5	0.019333	19	0.021	0.0	0.0	0.0	0.271591	3.0	0.4
2015-03-06	1.97619	8	9.6	0.0235	23	0.025	0.0	0.0	0.0	0.2958334999999999	3.0	0.4
2015-03-07	0.029167	1	1.4	0.018708	20	0.022	0.0	0.0	0.0	0.3	3.0	0.3
2015-03-08	0.066667	2	2.5	0.0145	17	0.018	0.0	0.0	0.0	0.30625	3.0	0.4
2015-03-09	0.0	0	0.0	0.015333	17	0.018	0.0	0.0	0.0	0.3020835	3.0	0.4
2015-03-10	1.475	4	4.2	0.016125	26	0.028	0.0	0.0	0.0	0.3	3.0	0.3
2015-03-11	0.4125	1	1.7	0.025125	27	0.029	0.0	0.0	0.0	0.2875	3.0	0.3
2015-03-12	1.631818	3	3.5	0.0175	20	0.022	0.0	0.0	0.0	0.3	3.0	0.3
2015-03-13	0.742857	1	1.7	0.0172	19	0.02	0.0	0.0	0.0	0.3	3.0	0.3
2015-03-14	1.020833	2	2.7	0.021417	26	0.028	0.0	0.0	0.0	0.3	3.0	0.3
2015-03-15	1.075	4	4.0	0.024667	31	0.034	0.0	0.0	0.0	0.316667	5.0	0.4
2015-03-16	1.061111	2	2.0	0.029714	34	0.037	0.0	0.0	0.0	0.3511775	5.0	0.4
2015-03-17	0.780952	2	2.2	0.036583	38	0.041	0.0	0.0	0.0	0.3458335	5.0	0.4
2015-03-18	1.083333	3	3.0	0.034833	38	0.041	0.0	0.0	0.0	0.39375	5.0	0.4
2015-03-19	0.763158	2	2.1	0.027188	33	0.036	0.0	0.0	0.0	0.3104165	5.0	0.4
2015-03-20	0.0	0	0.0	0.032875	34	0.037	0.0	0.0	0.0	0.1	1.0	0.1
2015-03-21	0.0	0	0.0	0.028125	29	0.031	0.0	0.0	0.0	0.1020835	1.0	0.2
2015-03-22	0.0	0	0.0	0.034667	39	0.042	0.0	0.0	0.0	0.1	1.0	0.1
2015-03-23	0.0	0	0.0	0.041	40	0.043	0.0	0.0	0.0	0.1	1.0	0.1
2015-03-24	0.0	0	0.0	0.032375	35	0.038	0.0	0.0	0.0	0.1395835	2.0	0.2
2015-03-25	0.0	0	0.0	0.026083	30	0.032	0.0	0.0	0.0	0.1645835	2.0	0.3
2015-03-26	0.0	0	0.0	0.017833	23	0.025	0.0	0.0	0.0	0.2	2.0	0.2
2015-03-27	0.0	0	0.0	0.027313	30	0.032	0.0	0.0	0.0	0.1787139999999999	2.0	0.2
2015-03-28	0.483333	2	2.3	0.034167	37	0.04	0.0	0.0	0.0	0.1770835	2.0	0.4
2015-03-29	0.325	1	1.3	0.032167	34	0.037	0.0	0.0	0.0	0.1937499999999999	2.0	0.3
2015-03-30	0.0	0	0.0	0.034	38	0.041	0.0	0.0	0.0	0.2	2.0	0.2
2015-03-31	0.0	0	0.0	0.044708	44	0.047	0.0	0.0	0.0	0.2	2.0	0.2
2015-04-01	0.0	0	0.0	0.041125	43	0.046	0.0	0.0	0.0	0.2	2.0	0.2
2015-04-02	0.0	0	0.0	0.037042	39	0.042	0.0	0.0	0.0	0.2	2.0	0.2
2015-04-03	0.0	0	0.0	0.038792	41	0.044	0.0	0.0	0.0	0.2	2.0	0.2
2015-04-04	0.0	0	0.0	0.043833	44	0.048	0.0	0.0	0.0	0.2	2.0	0.2
2015-04-05	0.0	0	0.0	0.043	42	0.045	0.0	0.0	0.0	0.2	2.0	0.2
2015-04-06	0.0	0	0.0	0.041	40	0.043	0.0	0.0	0.0	0.2	2.0	0.2
2015-04-07	0.0	0	0.0	0.043167	44	0.048	0.0	0.0	0.0	0.2	2.0	0.2
2015-04-08	0.0	0	0.0	0.037417	39	0.042	0.0	0.0	0.0	0.2	2.0	0.2
2015-04-09	0.345455	1	1.5	0.029917	31	0.033	0.0	0.0	0.0	0.2145835	3.0	0.3
2015-04-10	0.195833	1	1.1	0.033708	35	0.038	0.0	0.0	0.0	0.2	2.0	0.2
2015-04-11	0.3125	1	1.3	0.035875	39	0.042	0.0	0.0	0.0	0.2	2.0	0.2
2015-04-12	0.441667	1	1.3	0.03125	33	0.036	0.0	0.0	0.0	0.2	2.0	0.2
2015-04-13	0.270833	1	1.0	0.042833	48	0.052	0.0	0.0	0.0	0.2041664999999999	2.0	0.3
2015-04-14	0.35	1	1.0	0.042667	44	0.047	0.0	0.0	0.0	0.202174	2.0	0.3
2015-04-15	0.582609	1	1.9	0.033	36	0.039	0.0	0.0	0.0	0.2065215	2.0	0.3
2015-04-16	0.915789	2	2.7	0.035	40	0.043	0.0	0.0	0.0	0.2354165	3.0	0.3
2015-04-17	0.531818	1	1.8	0.03525	36	0.039	0.0	0.0	0.0	0.2083335	2.0	0.3
2015-04-18	0.458333	1	1.2	0.031083	34	0.037	0.0	0.0	0.0	0.2270835	3.0	0.3
2015-04-19	0.375	3	3.0	0.030167	32	0.035	0.0	0.0	0.0	0.2041664999999999	2.0	0.3
2015-04-20	0.5	2	2.8	0.032833	32	0.035	0.0	0.0	0.0	0.2354165	3.0	0.3
2015-04-21	0.470833	1	1.0	0.036917	39	0.042	0.0	0.0	0.0	0.2583335	3.0	0.3
2015-04-22	0.420833	2	2.6	0.04	39	0.042	0.0	0.0	0.0	0.20625	2.0	0.3
2015-04-23	0.875	2	2.3	0.038292	39	0.042	0.0	0.0	0.0	0.275	3.0	0.3
2015-04-24	0.454167	2	2.1	0.041583	44	0.047	0.0	0.0	0.0	0.2604165	3.0	0.3
2015-04-25	0.491667	1	1.4	0.039542	42	0.045	0.0	0.0	0.0	0.28125	3.0	0.3
2015-04-26	0.229167	1	1.0	0.035292	37	0.04	0.0	0.0	0.0	0.233333	3.0	0.3
2015-04-27	0.52	1	1.9	0.022833	25	0.027	0.0	0.0	0.0	0.2913044999999999	3.0	0.3
2015-04-28	0.45	1	1.3	0.034292	41	0.044	0.0	0.0	0.0	0.2937499999999999	3.0	0.3
2015-04-29	1.75	4.0	4.2	0.0390835	44.0	0.047	0.0	0.0	0.0	0.29791674999999995	3.0	0.4
2015-04-30	1.75	4.0	4.2	0.0390835	44.0	0.047	0.0	0.0	0.0	0.29791674999999995	3.0	0.4
2015-05-01	1.75	4.0	4.2	0.0390835	44.0	0.047	0.0	0.0	0.0	0.29791674999999995	3.0	0.4
2015-05-02	1.75	4.0	4.2	0.0390835	44.0	0.047	0.0	0.0	0.0	0.29791674999999995	3.0	0.4
2015-05-03	1.75	4.0	4.2	0.0390835	44.0	0.047	0.0	0.0	0.0	0.29791674999999995	3.0	0.4
2015-05-04	3.05	4	4.2	0.043875	44	0.047	0.0	0.0	0.0	0.3020835	3.0	0.4
2015-05-05	2.742105	4	4.0	0.041882	41	0.044	0.0	0.0	0.0	0.3	3.0	0.3
2015-05-06	2.652174	5	5.0	0.040833	42	0.045	0.0	0.0	0.0	0.3	3.0	0.3
2015-05-07	2.67619	4	4.1	0.036333	37	0.04	0.0	0.0	0.0	0.3	3.0	0.3
2015-05-08	2.582609	5	5.4	0.032375	36	0.039	0.0	0.0	0.0	0.302174	3.0	0.4
2015-05-09	2.556522	3	3.0	0.033545	33	0.036	0.0	0.0	0.0	0.3	3.0	0.3
2015-05-10	2.65	3	3.4	0.03645	37	0.04	0.0	0.0	0.0	0.302174	3.0	0.4
2015-05-11	2.525	3	3.0	0.040471	40	0.043	0.0	0.0	0.0	0.3	3.0	0.3
2015-05-12	2.7	4	4.6	0.039458	40	0.043	0.0	0.0	0.0	0.3041665	3.0	0.4
2015-05-13	2.652632	4	4.1	0.035125	37	0.04	0.0	0.0	0.0	0.3	3.0	0.3
2015-05-14	2.438462	2	2.9	0.0363	37	0.04	0.0	0.0	0.0	0.3405595	5.0	0.4
2015-05-15	2.684211	3	3.6	0.039556	40	0.043	0.0	0.0	0.0	0.3934784999999999	5.0	0.4
2015-05-16	2.617647	3	3.1	0.037789	38	0.041	0.0	0.0	0.0	0.4	5.0	0.4
2015-05-17	2.463158	2	2.9	0.034917	35	0.038	0.0	0.0	0.0	0.4	5.0	0.4
2015-05-18	2.826087	4	4.2	0.034583	33	0.036	0.0	0.0	0.0	0.4	5.0	0.4
2015-05-19	2.959091	5	5.9	0.033958	34	0.037	0.0	0.0	0.0	0.4	5.0	0.4
2015-05-20	2.536364	3	3.2	0.029667	31	0.033	0.0	0.0	0.0	0.402174	5.0	0.5
2015-05-21	1.613333	3	3.3	0.025667	26	0.028	0.0025	0.0	0.1	0.4	5.0	0.4
2015-05-22	0.918182	2	2.4	0.036875	42	0.045	0.0136365	0.0	0.2	0.4	5.0	0.4
2015-05-23	0.417391	0	0.6	0.0407	44	0.047	0.004348	0.0	0.1	0.4	5.0	0.4
2015-05-24	0.416667	0	0.9	0.0322	31	0.033	0.0	0.0	0.0	0.4	5.0	0.4
2015-05-25	0.368182	0	0.9	0.028917	28	0.03	0.0	0.0	0.1	0.4	5.0	0.4
2015-05-26	0.504348	1	1.4	0.027417	30	0.032	0.0	0.0	0.0	0.500893	7.0	0.7
2015-05-27	0.630435	1	1.7	0.024542	23	0.025	0.0	0.0	0.0	0.6229165000000001	8.0	0.7
2015-05-28	0.777273	2	2.3	0.024042	24	0.026	0.0	0.0	0.0	0.6541665	8.0	0.7
2015-05-29	0.821739	1	1.5	0.030167	31	0.033	0.0	0.0	0.0	0.6913045	8.0	0.7
2015-05-30	0.63913	1	1.2	0.026286	29	0.031	0.0	0.0	0.0	0.7	8.0	0.7
2015-05-31	0.25	0	0.8	0.031263	33	0.036	0.0	0.0	0.0	0.6956519999999999	8.0	0.7
2015-06-01	0.886957	3	3.5	0.023833	29	0.031	0.0	0.0	0.0	0.7	8.0	0.7
2015-06-02	0.817391	2	2.4	0.031792	31	0.034	0.0	0.0	0.0	0.7	8.0	0.7
2015-06-03	0.572727	1	1.0	0.032125	32	0.035	0.0	0.0	0.0	0.7	8.0	0.7
2015-06-04	0.466667	1	1.4	0.029421	30	0.032	0.0	0.0	0.0	0.684873	8.0	0.7
2015-06-05	0.670833	1	1.7	0.028375	31	0.034	0.0	0.0	0.0	0.6625	8.0	0.7
2015-06-06	0.25	0	0.6	0.025917	26	0.028	0.0	0.0	0.0	0.6583335	8.0	0.7
2015-06-07	0.416667	1	1.3	0.023333	27	0.029	0.0	0.0	0.0	0.695833	8.0	0.7
2015-06-08	1.0	6	6.4	0.017292	23	0.025	0.0	0.0	0.0	0.6854169999999999	8.0	0.7
2015-06-09	1.2625	5	5.2	0.019208	23	0.025	0.0	0.0	0.0	0.6958335	8.0	0.7
2015-06-10	0.221053	1	1.4	0.027438	31	0.033	0.0	0.0	0.0	0.7	8.0	0.7
2015-06-11	0.275	3	3.2	0.023292	27	0.029	0.0	0.0	0.0	0.7	8.0	0.7
2015-06-12	0.179167	1	1.1	0.027875	31	0.034	0.0	0.0	0.0	0.7	8.0	0.7
2015-06-13	0.729167	1	1.4	0.028625	31	0.033	0.0	0.0	0.0	0.7	8.0	0.7
2015-06-14	0.558333	0	0.7	0.029292	30	0.032	0.0	0.0	0.0	0.7	8.0	0.7
2015-06-15	0.904167	3	3.0	0.028208	27	0.029	0.0	0.0	0.0	0.7	8.0	0.7
2015-06-16	1.154167	2	2.9	0.028208	28	0.03	0.0	0.0	0.0	0.7	8.0	0.7
2015-06-17	1.308333	3	3.3	0.026792	27	0.029	0.0	0.0	0.0	0.7020835000000001	8.0	0.8
2015-06-18	0.958333	1	1.4	0.027625	29	0.031	0.0	0.0	0.0	0.7	8.0	0.7
2015-06-19	1.378261	4	4.6	0.020875	22	0.024	0.0	0.0	0.0	0.7	8.0	0.7
2015-06-20	1.479167	3	3.2	0.022208	27	0.029	0.0	0.0	0.0	0.7	8.0	0.7
2015-06-21	0.966667	2	2.9	0.030167	31	0.033	0.0	0.0	0.0	0.7	8.0	0.7
2015-06-22	1.386364	3	3.1	0.026667	29	0.031	0.0	0.0	0.0	0.3949275	8.0	0.7
2015-06-23	1.179167	3	3.0	0.026958	28	0.03	0.0	0.0	0.0	0.1270835	2.0	0.2
2015-06-24	0.875	1	1.5	0.021875	26	0.028	0.0	0.0	0.0	0.1625	2.0	0.2
2015-06-25	1.1738635	2.0	2.7	0.020916499999999998	26.0	0.028	0.015625	0.0	0.1	0.18125000000000002	2.0	0.2
2015-06-26	1.1738635	2.0	2.7	0.020916499999999998	26.0	0.028	0.015625	0.0	0.1	0.18125000000000002	2.0	0.2
2015-06-27	1.1738635	2.0	2.7	0.020916499999999998	26.0	0.028	0.015625	0.0	0.1	0.18125000000000002	2.0	0.2
2015-06-28	1.1738635	2.0	2.7	0.020916499999999998	26.0	0.028	0.015625	0.0	0.1	0.18125000000000002	2.0	0.2
2015-06-29	1.1738635	2.0	2.7	0.020916499999999998	26.0	0.028	0.015625	0.0	0.1	0.18125000000000002	2.0	0.2
2015-06-30	1.1738635	2.0	2.7	0.020916499999999998	26.0	0.028	0.015625	0.0	0.1	0.18125000000000002	2.0	0.2
2015-07-01	1.1738635	2.0	2.7	0.020916499999999998	26.0	0.028	0.015625	0.0	0.1	0.18125000000000002	2.0	0.2
2015-07-02	1.1738635	2.0	2.7	0.020916499999999998	26.0	0.028	0.015625	0.0	0.1	0.18125000000000002	2.0	0.2
2015-07-03	1.1738635	2.0	2.7	0.020916499999999998	26.0	0.028	0.015625	0.0	0.1	0.18125000000000002	2.0	0.2
2015-07-04	1.1738635	2.0	2.7	0.020916499999999998	26.0	0.028	0.015625	0.0	0.1	0.18125000000000002	2.0	0.2
2015-07-05	1.1738635	2.0	2.7	0.020916499999999998	26.0	0.028	0.015625	0.0	0.1	0.18125000000000002	2.0	0.2
2015-07-06	1.1738635	2.0	2.7	0.020916499999999998	26.0	0.028	0.015625	0.0	0.1	0.18125000000000002	2.0	0.2
2015-07-07	1.1738635	2.0	2.7	0.020916499999999998	26.0	0.028	0.015625	0.0	0.1	0.18125000000000002	2.0	0.2
2015-07-08	1.1738635	2.0	2.7	0.020916499999999998	26.0	0.028	0.015625	0.0	0.1	0.18125000000000002	2.0	0.2
2015-07-09	1.1738635	2.0	2.7	0.020916499999999998	26.0	0.028	0.015625	0.0	0.1	0.18125000000000002	2.0	0.2
2015-07-10	1.472727	2	2.7	0.019958	20	0.022	0.03125	0.0	0.1	0.2	2.0	0.2
2015-07-11	1.358333	2	2.4	0.0215	23	0.025	0.03125	0.0	0.1	0.2	2.0	0.2
2015-07-12	1.583333	4	4.2	0.015125	17	0.018	0.0291664999999999	0.0	0.2	0.2	2.0	0.2
2015-07-13	1.916667	3	3.6	0.01375	15	0.016	0.04375	0.0	0.3	0.2	2.0	0.2
2015-07-14	2.029167	4	4.3	0.021292	24	0.026	0.0104165	0.0	0.1	0.2	2.0	0.2
2015-07-15	1.833333	4	4.1	0.022	23	0.025	0.0458335	0.0	0.7	0.207143	2.0	0.4
2015-07-16	1.509091	2	2.8	0.020944	25	0.027	0.004762	0.0	0.1	0.149621	2.0	0.2
2015-07-17	1.3	2	2.2	0.022333	25	0.027	0.0249999999999999	0.0	0.2	0.1	1.0	0.1
2015-07-18	1.4875	2	2.7	0.024208	26	0.028	0.0416665	0.0	0.1	0.1	1.0	0.1
2015-07-19	1.520833	2	2.9	0.025375	27	0.029	0.025	0.0	0.1	0.1	1.0	0.1
2015-07-20	1.036842	2	2.4	0.018222	19	0.02	0.0208334999999999	0.0	0.2	0.1	1.0	0.1
2015-07-21	0.0875	0	0.6	0.019917	21	0.023	0.0	0.0	0.0	0.1	1.0	0.1
2015-07-22	0.7604164999999999	3.0	3.1	0.0204375	22.0	0.024	0.0	0.0	0.0	0.1	1.0	0.1
2015-07-23	1.433333	3	3.1	0.020958	22	0.024	0.0	0.0	0.0	0.1	1.0	0.1
2015-07-24	1.533333	3	3.6	0.020625	23	0.025	0.0	0.0	0.0	0.1041665	1.0	0.2
2015-07-25	1.4125	4	4.1	0.017333	20	0.022	0.0	0.0	0.0	0.1020835	1.0	0.2
2015-07-26	1.208333	2	2.2	0.023	24	0.026	0.0	0.0	0.0	0.1020835	1.0	0.2
2015-07-27	1.245833	2	2.1	0.0205	22	0.024	0.0	0.0	0.0	0.1	1.0	0.1
2015-07-28	1.65	3	3.8	0.023333	28	0.03	0.0	0.0	0.0	0.1020835	1.0	0.2
2015-07-29	1.641667	3	3.5	0.025583	26	0.028	0.0104165	0.0	0.1	0.1020835	1.0	0.2
2015-07-30	2.408333	5	5.8	0.016958	24	0.026	0.0	0.0	0.0	0.1770835	2.0	0.2
2015-07-31	1.55	3	3.1	0.01525	22	0.024	0.0	0.0	0.0	0.1729165	2.0	0.2
2015-08-01	1.795833	3	3.0	0.01825	21	0.023	0.0	0.0	0.0	0.2	2.0	0.2
2015-08-02	1.304167	2	2.9	0.019917	21	0.023	0.0	0.0	0.0	0.18125	2.0	0.2
2015-08-03	1.433333	2	2.4	0.019125	21	0.023	0.0	0.0	0.0	0.1916665	2.0	0.2
2015-08-04	1.258333	2	2.3	0.017917	19	0.021	0.0	0.0	0.0	0.2	2.0	0.2
2015-08-05	1.391667	2	2.6	0.021	22	0.024	0.0	0.0	0.0	0.2	2.0	0.2
2015-08-06	1.754167	4	4.9	0.019375	25	0.027	0.0	0.0	0.0	0.1583335	2.0	0.2
2015-08-07	1.340909	2	2.3	0.018167	22	0.024	0.0	0.0	0.0	0.1	1.0	0.1
2015-08-08	1.2875	2	2.4	0.013583	15	0.016	0.0	0.0	0.0	0.1	1.0	0.1
2015-08-09	1.579167	3	3.1	0.010458	13	0.014	0.0	0.0	0.0	0.1020835	1.0	0.2
2015-08-10	1.2875	2	2.2	0.015958	19	0.02	0.0	0.0	0.0	0.1	1.0	0.1
2015-08-11	1.929167	3	3.7	0.017542	20	0.022	0.0	0.0	0.0	0.125	2.0	0.2
2015-08-12	1.2625	2	2.4	0.017792	20	0.022	0.0	0.0	0.0	0.10625	1.0	0.2
2015-08-13	2.522222	4	4.6	0.016579	17	0.018	0.0	0.0	0.0	0.1065214999999999	1.0	0.2
2015-08-14	3.2125	4	4.0	0.020292	22	0.024	0.0	0.0	0.0	0.1083335	1.0	0.2
2015-08-15	3.2375	3	3.7	0.022083	28	0.03	0.0	0.0	0.0	0.13125	2.0	0.2
2015-08-16	3.391667	5	5.0	0.024125	27	0.029	0.0	0.0	0.0	0.1416665	2.0	0.2
2015-08-17	4.0	6	6.4	0.021708	25	0.027	0.0	0.0	0.0	0.2	2.0	0.2
2015-08-18	4.15	6.0	6.4	0.022670000000000003	31.0	0.033	0.00104175	0.0	0.1	0.17073875	2.0	0.2
2015-08-19	4.15	6.0	6.4	0.022670000000000003	31.0	0.033	0.00104175	0.0	0.1	0.17073875	2.0	0.2
2015-08-20	4.15	6.0	6.4	0.022670000000000003	31.0	0.033	0.00104175	0.0	0.1	0.17073875	2.0	0.2
2015-08-21	4.15	6.0	6.4	0.022670000000000003	31.0	0.033	0.00104175	0.0	0.1	0.17073875	2.0	0.2
2015-08-22	4.15	6.0	6.4	0.022670000000000003	31.0	0.033	0.00104175	0.0	0.1	0.17073875	2.0	0.2
2015-08-23	4.15	6.0	6.4	0.022670000000000003	31.0	0.033	0.00104175	0.0	0.1	0.17073875	2.0	0.2
2015-08-24	4.15	6.0	6.4	0.022670000000000003	31.0	0.033	0.00104175	0.0	0.1	0.17073875	2.0	0.2
2015-08-25	4.15	6.0	6.4	0.022670000000000003	31.0	0.033	0.00104175	0.0	0.1	0.17073875	2.0	0.2
2015-08-26	4.15	6.0	6.4	0.022670000000000003	31.0	0.033	0.00104175	0.0	0.1	0.17073875	2.0	0.2
2015-08-27	4.15	6.0	6.4	0.022670000000000003	31.0	0.033	0.00104175	0.0	0.1	0.17073875	2.0	0.2
2015-08-28	4.15	6.0	6.4	0.022670000000000003	31.0	0.033	0.00104175	0.0	0.1	0.17073875	2.0	0.2
2015-08-29	4.15	6.0	6.4	0.022670000000000003	31.0	0.033	0.00104175	0.0	0.1	0.17073875	2.0	0.2
2015-08-30	4.15	6.0	6.4	0.022670000000000003	31.0	0.033	0.00104175	0.0	0.1	0.17073875	2.0	0.2
2015-08-31	4.15	6.0	6.4	0.022670000000000003	31.0	0.033	0.00104175	0.0	0.1	0.17073875	2.0	0.2
2015-09-01	4.15	6.0	6.4	0.022670000000000003	31.0	0.033	0.00104175	0.0	0.1	0.17073875	2.0	0.2
2015-09-02	4.15	6.0	6.4	0.022670000000000003	31.0	0.033	0.00104175	0.0	0.1	0.17073875	2.0	0.2
2015-09-03	4.15	6.0	6.4	0.022670000000000003	31.0	0.033	0.00104175	0.0	0.1	0.17073875	2.0	0.2
2015-09-04	4.15	6.0	6.4	0.022670000000000003	31.0	0.033	0.00104175	0.0	0.1	0.17073875	2.0	0.2
2015-09-05	4.15	6.0	6.4	0.022670000000000003	31.0	0.033	0.00104175	0.0	0.1	0.17073875	2.0	0.2
2015-09-06	4.15	6.0	6.4	0.022670000000000003	31.0	0.033	0.00104175	0.0	0.1	0.17073875	2.0	0.2
2015-09-07	4.15	6.0	6.4	0.022670000000000003	31.0	0.033	0.00104175	0.0	0.1	0.17073875	2.0	0.2
2015-09-08	4.15	6.0	6.4	0.022670000000000003	31.0	0.033	0.00104175	0.0	0.1	0.17073875	2.0	0.2
2015-09-09	4.15	6.0	6.4	0.022670000000000003	31.0	0.033	0.00104175	0.0	0.1	0.17073875	2.0	0.2
2015-09-10	4.15	6.0	6.4	0.022670000000000003	31.0	0.033	0.00104175	0.0	0.1	0.17073875	2.0	0.2
2015-09-11	4.15	6.0	6.4	0.022670000000000003	31.0	0.033	0.00104175	0.0	0.1	0.17073875	2.0	0.2
2015-09-12	4.15	6.0	6.4	0.022670000000000003	31.0	0.033	0.00104175	0.0	0.1	0.17073875	2.0	0.2
2015-09-13	4.15	6.0	6.4	0.022670000000000003	31.0	0.033	0.00104175	0.0	0.1	0.17073875	2.0	0.2
2015-09-14	4.15	6.0	6.4	0.022670000000000003	31.0	0.033	0.00104175	0.0	0.1	0.17073875	2.0	0.2
2015-09-15	4.15	6.0	6.4	0.022670000000000003	31.0	0.033	0.00104175	0.0	0.1	0.17073875	2.0	0.2
2015-09-16	4.15	6.0	6.4	0.022670000000000003	31.0	0.033	0.00104175	0.0	0.1	0.17073875	2.0	0.2
2015-09-17	4.15	6.0	6.4	0.022670000000000003	31.0	0.033	0.00104175	0.0	0.1	0.17073875	2.0	0.2
2015-09-18	4.15	6.0	6.4	0.022670000000000003	31.0	0.033	0.00104175	0.0	0.1	0.17073875	2.0	0.2
2015-09-19	4.15	6.0	6.4	0.022670000000000003	31.0	0.033	0.00104175	0.0	0.1	0.17073875	2.0	0.2
2015-09-20	4.15	6.0	6.4	0.022670000000000003	31.0	0.033	0.00104175	0.0	0.1	0.17073875	2.0	0.2
2015-09-21	4.15	6.0	6.4	0.022670000000000003	31.0	0.033	0.00104175	0.0	0.1	0.17073875	2.0	0.2
2015-09-22	4.15	6.0	6.4	0.022670000000000003	31.0	0.033	0.00104175	0.0	0.1	0.17073875	2.0	0.2
2015-09-23	4.15	6.0	6.4	0.022670000000000003	31.0	0.033	0.00104175	0.0	0.1	0.17073875	2.0	0.2
2015-09-24	4.15	6.0	6.4	0.022670000000000003	31.0	0.033	0.00104175	0.0	0.1	0.17073875	2.0	0.2
2015-09-25	4.15	6.0	6.4	0.022670000000000003	31.0	0.033	0.00104175	0.0	0.1	0.17073875	2.0	0.2
2015-09-26	4.15	6.0	6.4	0.022670000000000003	31.0	0.033	0.00104175	0.0	0.1	0.17073875	2.0	0.2
2015-09-27	4.15	6.0	6.4	0.022670000000000003	31.0	0.033	0.00104175	0.0	0.1	0.17073875	2.0	0.2
2015-09-28	4.15	6.0	6.4	0.022670000000000003	31.0	0.033	0.00104175	0.0	0.1	0.17073875	2.0	0.2
2015-09-29	4.15	6.0	6.4	0.022670000000000003	31.0	0.033	0.00104175	0.0	0.1	0.17073875	2.0	0.2
2015-09-30	4.15	6.0	6.4	0.022670000000000003	31.0	0.033	0.00104175	0.0	0.1	0.17073875	2.0	0.2
2015-10-01	4.15	6.0	6.4	0.022670000000000003	31.0	0.033	0.00104175	0.0	0.1	0.17073875	2.0	0.2
2015-10-02	4.15	6.0	6.4	0.022670000000000003	31.0	0.033	0.00104175	0.0	0.1	0.17073875	2.0	0.2
2015-10-03	4.15	6.0	6.4	0.022670000000000003	31.0	0.033	0.00104175	0.0	0.1	0.17073875	2.0	0.2
2015-10-04	4.15	6.0	6.4	0.022670000000000003	31.0	0.033	0.00104175	0.0	0.1	0.17073875	2.0	0.2
2015-10-05	4.15	6.0	6.4	0.022670000000000003	31.0	0.033	0.00104175	0.0	0.1	0.17073875	2.0	0.2
2015-10-06	4.15	6.0	6.4	0.022670000000000003	31.0	0.033	0.00104175	0.0	0.1	0.17073875	2.0	0.2
2015-10-07	4.3	5	5.0	0.023632	31	0.033	0.0020835	0.0	0.1	0.1414775	2.0	0.2
2015-10-08	3.735	6	6.4	0.028438	34	0.037	0.0242425	0.0	0.1	0.1604165	2.0	0.2
2015-10-09	0.8125	2	2.5	0.027208	33	0.036	0.00625	0.0	0.1	0.1041665	1.0	0.2
2015-10-10	0.5125	1	1.8	0.022917	27	0.029	0.0020835	0.0	0.1	0.1020835	1.0	0.2
2015-10-11	0.804167	2	2.1	0.022292	26	0.028	0.0375	0.0	0.1	0.1	1.0	0.1
2015-10-12	1.091667	3	3.3	0.026458	31	0.034	0.0520835	0.0	0.1	0.1083335	1.0	0.2
2015-10-13	1.770833	3	3.7	0.022958	27	0.029	0.0583335	0.0	0.2	0.160417	2.0	0.2
2015-10-14	1.608333	6	6.0	0.024417	31	0.034	0.0708335	0.0	0.2	0.1791665	2.0	0.2
2015-10-15	1.018182	3	3.4	0.0215	28	0.03	0.0158385	0.0	0.1	0.1954544999999999	2.0	0.2
2015-10-16	0.833333	1	1.9	0.028375	31	0.034	0.0145835	0.0	0.1	0.2	2.0	0.2
2015-10-17	0.383333	0	0.9	0.035375	40	0.043	0.0020835	0.0	0.1	0.2	2.0	0.2
2015-10-18	0.641667	1	1.4	0.030667	34	0.037	0.0	0.0	0.0	0.2	2.0	0.2
2015-10-19	1.1375	2	2.9	0.026833	29	0.031	0.0	0.0	0.0	0.2	2.0	0.2
2015-10-20	1.030769	1	1.7	0.0084	19	0.02	0.0	0.0	0.0	0.219231	2.0	0.3
2015-10-21	1.254167	1	1.9	0.004875	7	0.008	0.0604165	0.0	0.1	0.3	3.0	0.3
2015-10-22	1.185714	2	2.5	0.018273	25	0.027	0.0035715	0.0	0.1	0.3	3.0	0.3
2015-10-23	1.895833	4	4.5	0.015792	18	0.019	0.0333335	0.0	0.1	0.3	3.0	0.3
2015-10-24	1.233333	3	3.8	0.026208	33	0.036	0.0458335	0.0	0.1	0.2958334999999999	3.0	0.3
2015-10-25	0.7125	2	2.0	0.027917	32	0.035	0.05	0.0	0.1	0.2666665	3.0	0.4
2015-10-26	1.558333	5	5.0	0.015417	17	0.018	0.0645835	0.0	0.1	0.3041665	3.0	0.4
2015-10-27	1.129167	4	4.8	0.024833	33	0.036	0.0249999999999999	0.0	0.1	0.3	3.0	0.3
2015-10-28	0.926087	3	3.6	0.035	36	0.039	0.0403725	0.0	0.1	0.3	3.0	0.3
2015-10-29	1.254167	2	2.8	0.0255	27	0.029	0.075	0.0	0.1	0.3	3.0	0.3
2015-10-30	1.595833	4	4.2	0.025667	29	0.031	0.0208335	0.0	0.1	0.3041665	3.0	0.4
2015-10-31	0.629167	1	1.1	0.027083	30	0.032	0.0291664999999999	0.0	0.1	0.3	3.0	0.3
2015-11-01	0.333333	0	0.8	0.034083	33	0.036	0.0	0.0	0.0	0.3	3.0	0.3
2015-11-02	0.840909	2	2.2	0.03425	35	0.038	0.0	0.0	0.0	0.3	3.0	0.3
2015-11-03	0.979167	2	2.0	0.030792	34	0.037	0.0395835	0.0	0.1	0.3	3.0	0.3
2015-11-04	1.1	3	3.2	0.030958	32	0.035	0.0458335	0.0	0.1	0.325	5.0	0.4
2015-11-05	1.745833	4	4.2	0.031042	32	0.035	0.1020835	0.0	0.2	0.3833335	5.0	0.4
2015-11-06	2.395833	5	5.1	0.027542	28	0.03	0.0875	0.0	0.2	0.4041665	5.0	0.6
2015-11-07	0.533333	1	1.2	0.036708	36	0.039	0.0354165	0.0	0.1	0.3083335	5.0	0.4
2015-11-08	0.441667	1	1.3	0.03625	35	0.038	0.0625	0.0	0.1	0.3104165	3.0	0.4
2015-11-09	1.166667	4	4.1	0.034083	35	0.038	0.1041665	0.0	0.2	0.4041665	5.0	0.5
2015-11-10	1.3125	3	3.1	0.027083	27	0.029	0.1083335	0.0	0.2	0.4354165	6.0	0.5
2015-11-11	1.016667	3	3.1	0.031375	34	0.037	0.1354165	0.0	0.2	0.4020835	5.0	0.5
2015-11-12	1.404167	3	3.9	0.028292	31	0.033	0.0833335	0.0	0.2	0.4041665	5.0	0.5
2015-11-13	1.0	3	3.6	0.028458	32	0.035	0.0895835	0.0	0.2	0.4	5.0	0.4
2015-11-14	0.183333	0	0.4	0.04175	42	0.045	0.0770835	0.0	0.2	0.34375	5.0	0.4
2015-11-15	0.785	1	1.4	0.035294	39	0.042	0.1325	0.0	0.5	0.3882355	5.0	0.5
2015-11-16	0.475	2	2.2	0.032417	31	0.034	0.175	0.0	0.3	0.3729165	5.0	0.4
2015-11-17	0.575	1	1.9	0.033125	33	0.036	0.0854165	0.0	0.2	0.4	5.0	0.4
2015-11-18	1.309091	3	3.2	0.036292	36	0.039	0.150974	0.0	0.2	0.4	5.0	0.4
2015-11-19	0.685714	1	1.4	0.031333	36	0.039	0.152381	0.0	0.2	0.393182	5.0	0.5
2015-11-20	1.563158	3	3.5	0.021375	30	0.032	0.1078945	0.0	0.2	0.406818	5.0	0.5
2015-11-21	1.921053	4	4.8	0.0065	11	0.012	0.1210525	0.0	0.2	0.452462	6.0	0.5
2015-11-22	1.410526	2	2.4	0.00975	13	0.014	0.1592105	0.0	0.2	0.4761364999999999	6.0	0.6
2015-11-23	0.945	1	1.6	0.023188	30	0.032	0.1441665	0.0	0.2	0.4699275	6.0	0.5
2015-11-24	1.145455	2	2.3	0.03175	30	0.032	0.1625	0.0	0.2	0.4	5.0	0.4
2015-11-25	1.146154	3	3.1	0.0202	20	0.022	0.2	0.0	0.2	0.4354165	6.0	0.5
2015-11-26	1.555	3	3.9	0.024353	28	0.03	0.1916665	0.0	0.3	0.4403985	6.0	0.5
2015-11-27	1.127778	3	3.2	0.036222	35	0.038	0.235	0.0	0.3	0.410417	6.0	0.5
2015-11-28	0.584211	0	0.9	0.035588	34	0.037	0.2594735	0.0	0.3	0.4	5.0	0.4
2015-11-29	0.73125	2	2.4	0.037238	37	0.04	0.309375	0.0	0.7	0.404348	5.0	0.5
2015-11-30	0.521053	0	0.8	0.040588	39	0.042	0.2694735	0.0	0.3	0.4	5.0	0.4
2015-12-01	0.55	1	1.5	0.0365	35	0.038	0.2194445	0.0	0.3	0.4458335	6.0	0.5
2015-12-02	0.285	0	0.4	0.036167	35	0.038	0.205	0.0	0.3	0.5	6.0	0.5
2015-12-03	0.405263	0	0.8	0.038458	38	0.041	0.2	0.0	0.2	0.3573865	6.0	0.5
2015-12-04	0.15	0	0.7	0.033375	33	0.036	0.2022725	0.0	0.3	0.1	1.0	0.1
2015-12-05	0.075	0	0.1	0.033294	32	0.035	0.2258334999999999	0.0	0.3	0.1	1.0	0.1
2015-12-06	0.358824	1	1.0	0.033739	33	0.036	0.2	0.0	0.2	0.1045454999999999	1.0	0.2
2015-12-07	0.125	0	0.6	0.033083	34	0.037	0.1916665	0.0	0.3	0.139583	2.0	0.2
2015-12-08	0.35	1	1.1	0.0265	30	0.032	0.1905845	0.0	0.2	0.2	2.0	0.2
2015-12-09	0.435	1	1.8	0.0377	42	0.045	0.1283335	0.0	0.2	0.1979165	2.0	0.2
2015-12-10	0.42381	1	1.1	0.038667	41	0.044	0.129762	0.0	0.2	0.123279	2.0	0.2
2015-12-11	0.48	1	1.2	0.035833	34	0.037	0.1124999999999999	0.0	0.2	0.147917	2.0	0.2
2015-12-12	0.036364	0	0.2	0.034556	33	0.036	0.167208	0.0	0.2	0.2	2.0	0.2
2015-12-13	0.55625	1	1.4	0.037895	38	0.041	0.10625	0.0	0.2	0.195652	2.0	0.2
2015-12-14	1.119048	3	3.3	0.029167	31	0.034	0.111905	0.0	0.2	0.2065215	2.0	0.3
2015-12-15	1.15	3	3.2	0.025708	27	0.029	0.1625	0.0	0.3	0.2041664999999999	2.0	0.3
2015-12-16	1.381818	4	4.7	0.025583	31	0.033	0.2064935	0.0	0.3	0.202174	2.0	0.3
2015-12-17	0.13	0	0.4	0.0344	35	0.038	0.2025	0.0	0.3	0.2	2.0	0.2
2015-12-18	0.242857	1	1.0	0.035792	36	0.039	0.2023809999999999	0.0	0.3	0.2	2.0	0.2
2015-12-19	0.335	1	1.7	0.033176	31	0.034	0.2	0.0	0.3	0.2	2.0	0.2
2015-12-20	0.105882	0	0.7	0.03125	31	0.034	0.120588	0.0	0.2	0.2	2.0	0.2
2015-12-21	0.205263	0	0.5	0.0327	33	0.036	0.1026314999999999	0.0	0.2	0.2020834999999999	2.0	0.3
2015-12-22	0.27619	0	0.6	0.034958	36	0.039	0.007143	0.0	0.1	0.202174	2.0	0.3
2015-12-23	0.565	1	1.4	0.032625	35	0.038	0.0075	0.0	0.1	0.2	2.0	0.2
2015-12-24	0.268182	0	0.6	0.035917	36	0.039	0.041558	0.0	0.2	0.2	2.0	0.2
2015-12-25	0.435	1	1.1	0.0308	31	0.033	0.0866665	0.0	0.2	0.2395835	3.0	0.3
2015-12-26	0.42381	1	1.9	0.027056	26	0.028	0.0928575	0.0	0.2	0.210688	3.0	0.3
2015-12-27	0.03125	0	0.1	0.03087	30	0.032	0.1218749999999999	0.0	0.2	0.2	2.0	0.2
2015-12-28	1.018182	2	2.6	0.031167	31	0.034	0.1159089999999999	0.0	0.2	0.268116	3.0	0.4
2015-12-29	0.75	1	1.8	0.0297	32	0.035	0.1124999999999999	0.0	0.2	0.247917	3.0	0.4
2015-12-30	0.833333	3	3.7	0.0315	32	0.035	0.134524	0.0	0.2	0.2468294999999999	3.0	0.3
