Date Local	NO2 Mean	NO2 AQI	NO2 1st Max Value	O3 Mean	O3 AQI	O3 1st Max Value	SO2 Mean	SO2 AQI	SO2 1st Max Value	CO Mean	CO AQI	CO 1st Max Value
2013-01-01	24.079167	35	37.3	0.014167	29	0.031	0.2102485	0.0	0.5	0.71245225	14.0	1.4
2013-01-02	33.025	42	44.3	0.011583	23	0.025	0.8900625	6.0	4.9	0.93307425	15.0	1.8
2013-01-03	36.541667	44	47.8	0.011333	22	0.024	0.862733	1.0	1.8	0.987355	15.0	1.8
2013-01-04	36.826087	42	45.5	0.012042	25	0.027	0.6621115	1.0	1.1	0.8566395	16.0	1.7
2013-01-05	33.466667	39	41.3	0.010958	21	0.023	0.5894410000000001	1.0	1.0	0.92442025	18.0	1.7
2013-01-06	21.804167	36	38.0	0.018542	33	0.036	0.328882	6.0	4.8	0.5934075	16.0	1.4
2013-01-07	30.866667	42	45.9	0.012042	24	0.026	0.3785715	1.0	1.3	0.7076902500000001	14.0	1.5
2013-01-08	41.454167	52	55.0	0.007833	13	0.014	1.180435	9.0	6.0	1.12202525	17.0	2.2
2013-01-09	38.275	57	60.5	0.010875	16	0.017	1.1232920000000002	3.0	2.8	1.09547275	19.0	2.3
2013-01-10	10.790909	27	29.0	0.033625	37	0.04	0.0381984999999999	0.0	0.3	0.28559475	6.0	0.6
2013-01-11	7.629167	24	25.5	0.033375	35	0.038	0.054037	0.0	0.2	0.2720255	6.0	0.6
2013-01-12	21.179167	36	38.5	0.017083	29	0.031	0.1201865	0.0	0.5	0.46777725	10.0	1.2
2013-01-13	22.733333	33	35.4	0.018208	33	0.036	0.0785715	0.0	0.3	0.5657877499999999	11.0	1.1
2013-01-14	33.179167	42	45.3	0.012625	23	0.025	0.7065215	1.0	1.6	0.73099975	13.0	1.7
2013-01-15	31.233333	40	42.9	0.013208	25	0.027	0.5478259999999999	3.0	2.3	0.689821	11.0	1.5
2013-01-16	38.7375	43	46.8	0.009125	16	0.017	0.7	1.0	1.6	0.983105	16.0	2.0
2013-01-17	44.64	53	56.5	0.009625	18	0.019	1.1204545	3.0	2.4	1.1935635	19.0	2.4
2013-01-18	33.25625	43	46.4	0.012	24	0.026	0.693789	1.0	1.7	0.937415	17.0	1.7
2013-01-19	31.229167	42	45.9	0.014333	31	0.033	0.5670805000000001	1.0	1.1	0.8207465	16.0	1.8
2013-01-20	26.9875	41	43.5	0.016417	33	0.036	0.1825	0.0	0.5	0.6913787499999999	15.0	1.5
2013-01-21	34.854167	44	47.5	0.011625	23	0.025	0.926708	1.0	1.9	0.937875	16.0	1.8
2013-01-22	38.929167	51	54.1	0.01	19	0.02	0.8161905	1.0	1.4	0.92728625	18.0	2.1
2013-01-23	34.370833	40	42.6	0.01	14	0.015	0.328882	1.0	1.0	0.6294839999999999	18.0	1.6
2013-01-24	17.866667	24	25.7	0.009625	14	0.015	0.0839284999999999	0.0	0.4	0.41219225	11.0	1.3
2013-01-25	22.020833	25	26.9	0.007833	12	0.013	0.2152175	0.0	0.5	0.480547	11.0	1.0
2013-01-26	15.473913	21	22.1	0.015958	20	0.022	0.2108695	0.0	0.5	0.35382775	8.0	0.7
2013-01-27	8.2375	16	17.3	0.028667	31	0.034	0.0484845	0.0	0.3	0.2409637499999999	6.0	0.6
2013-01-28	9.058333	21	22.5	0.031083	35	0.038	0.004348	0.0	0.2	0.26790925	6.0	0.8
2013-01-29	24.629167	34	36.8	0.012208	20	0.022	0.4409935	0.0	0.8	0.54617575	13.0	1.5
2013-01-30	30.595455	41	43.6	0.008417	19	0.021	0.564907	1.0	1.0	0.862529	14.0	1.5
2013-01-31	34.141176	41	43.4	0.002429	7	0.008	0.4882355	1.0	1.1	0.95094175	14.0	1.8
2013-02-01	35.058333	44	47.7	0.005042	12	0.013	0.627329	1.0	1.1	0.98552	17.0	2.0
2013-02-02	26.804167	36	38.4	0.009375	14	0.015	0.1807455	0.0	0.8	0.76795475	19.0	1.8
2013-02-03	19.154167	30	32.7	0.013625	28	0.03	0.1130435	0.0	0.6	0.3963824999999999	8.0	1.1
2013-02-04	27.425	40	42.3	0.010167	17	0.018	0.331677	1.0	1.5	0.707489	13.0	1.4
2013-02-05	25.283333	32	34.2	0.011375	17	0.018	0.1721055	0.0	0.6	0.504817	9.0	0.9
2013-02-06	21.166667	27	29.5	0.014417	27	0.029	0.331061	0.0	0.6	0.428627	8.0	1.0
2013-02-07	26.325	27	29.0	0.019458	26	0.028	0.6826085	1.0	1.6	0.57070775	11.0	1.5
2013-02-08	34.6875	58.0	61.2	0.013141	26.0	0.028	0.5056982499999999	1.0	1.6	0.675125375	13.0	1.5
2013-02-09	34.6875	58.0	61.2	0.013141	26.0	0.028	0.5056982499999999	1.0	1.6	0.675125375	13.0	1.5
2013-02-10	34.6875	58.0	61.2	0.013141	26.0	0.028	0.5056982499999999	1.0	1.6	0.675125375	13.0	1.5
2013-02-11	34.6875	58.0	61.2	0.013141	26.0	0.028	0.5056982499999999	1.0	1.6	0.675125375	13.0	1.5
2013-02-12	34.6875	58.0	61.2	0.013141	26.0	0.028	0.5056982499999999	1.0	1.6	0.675125375	13.0	1.5
2013-02-13	34.6875	58.0	61.2	0.013141	26.0	0.028	0.5056982499999999	1.0	1.6	0.675125375	13.0	1.5
2013-02-14	34.6875	58.0	61.2	0.013141	26.0	0.028	0.5056982499999999	1.0	1.6	0.675125375	13.0	1.5
2013-02-15	34.6875	58.0	61.2	0.013141	26.0	0.028	0.5056982499999999	1.0	1.6	0.675125375	13.0	1.5
2013-02-16	34.6875	58.0	61.2	0.013141	26.0	0.028	0.5056982499999999	1.0	1.6	0.675125375	13.0	1.5
2013-02-17	34.6875	58.0	61.2	0.013141	26.0	0.028	0.5056982499999999	1.0	1.6	0.675125375	13.0	1.5
2013-02-18	34.6875	58.0	61.2	0.013141	26.0	0.028	0.5056982499999999	1.0	1.6	0.675125375	13.0	1.5
2013-02-19	34.6875	58.0	61.2	0.013141	26.0	0.028	0.5056982499999999	1.0	1.6	0.675125375	13.0	1.5
2013-02-20	34.6875	58.0	61.2	0.013141	26.0	0.028	0.5056982499999999	1.0	1.6	0.675125375	13.0	1.5
2013-02-21	34.6875	58.0	61.2	0.013141	26.0	0.028	0.5056982499999999	1.0	1.6	0.675125375	13.0	1.5
2013-02-22	34.6875	58.0	61.2	0.013141	26.0	0.028	0.5056982499999999	1.0	1.6	0.675125375	13.0	1.5
2013-02-23	34.6875	58.0	61.2	0.013141	26.0	0.028	0.5056982499999999	1.0	1.6	0.675125375	13.0	1.5
2013-02-24	34.6875	58.0	61.2	0.013141	26.0	0.028	0.5056982499999999	1.0	1.6	0.675125375	13.0	1.5
2013-02-25	34.6875	58.0	61.2	0.013141	26.0	0.028	0.5056982499999999	1.0	1.6	0.675125375	13.0	1.5
2013-02-26	34.6875	58.0	61.2	0.013141	26.0	0.028	0.5056982499999999	1.0	1.6	0.675125375	13.0	1.5
2013-02-27	34.6875	58.0	61.2	0.013141	26.0	0.028	0.5056982499999999	1.0	1.6	0.675125375	13.0	1.5
2013-02-28	34.6875	58.0	61.2	0.013141	26.0	0.028	0.5056982499999999	1.0	1.6	0.675125375	13.0	1.5
2013-03-01	43.05	58	61.2	0.006824	26	0.028	0.3287879999999999	0.0	0.7	0.7795430000000001	13.0	1.5
2013-03-02	34.979167	53	56.6	0.014708	31	0.033	0.379193	0.0	0.9	0.619393	14.0	1.4
2013-03-03	26.9875	47	50.5	0.016833	26	0.028	0.828261	3.0	2.0	0.537393	13.0	1.3
2013-03-04	17.3	25	26.7	0.017167	24	0.026	0.153416	0.0	0.8	0.27897625	5.0	0.5
2013-03-05	20.364706	35	37.3	0.023857	31	0.033	0.097205	0.0	0.3	0.353217	7.0	0.6
2013-03-06	18.1344365	35.0	37.3	0.023094999999999997	31.0	0.033	0.10693575	0.0	0.3	0.30374737500000004	7.0	0.7
2013-03-07	15.904167	26	28.0	0.022333	28	0.03	0.1166665	0.0	0.3	0.25427775	5.0	0.7
2013-03-08	16.768182	35	37.4	0.02175	31	0.034	0.1136365	0.0	0.4	0.29291275	6.0	0.6
2013-03-09	18.220833	32	34.2	0.016208	28	0.03	0.381061	0.0	0.8	0.372034	7.0	1.0
2013-03-10	25.266667	42	45.5	0.014333	31	0.034	0.428788	1.0	1.1	0.614913	10.0	1.2
2013-03-11	38.675	53	56.8	0.01325	27	0.029	0.4537879999999999	0.0	0.9	0.74664	11.0	1.2
2013-03-12	45.03	58	61.5	0.016176	35	0.038	0.339394	0.0	0.8	0.8600924999999999	13.0	1.4
2013-03-13	41.420833	51	54.5	0.015583	36	0.039	0.7863635	4.0	3.6	0.7623295	14.0	1.4
2013-03-14	41.079167	89	90.3	0.013792	35	0.038	0.6045455	3.0	2.8	0.7973445	16.0	1.9
2013-03-15	39.95	55	58.7	0.014292	27	0.029	0.793939	1.0	1.9	0.666466	11.0	1.3
2013-03-16	20.2875	27	29.8	0.024333	31	0.034	0.181905	1.0	1.7	0.38112875	8.0	0.7
2013-03-17	12.845833	18	19.1	0.033625	37	0.04	0.1699999999999999	1.0	1.5	0.28649225	6.0	0.7
2013-03-18	15.958333	25	27.4	0.028708	35	0.038	0.343137	4.0	3.8	0.2703332499999999	5.0	0.5
2013-03-19	28.4875	40	42.8	0.017167	31	0.034	0.08	0.0	0.4	0.47946425	9.0	1.0
2013-03-20	29.463636	48	51.6	0.017458	32	0.035	0.455303	1.0	1.0	0.58410575	13.0	1.4
2013-03-21	23.4	35	37.0	0.019875	31	0.034	0.2265154999999999	0.0	0.5	0.3652955	7.0	0.9
2013-03-22	22.166667	40	42.8	0.021833	32	0.035	0.253788	0.0	0.6	0.31213625	6.0	0.6
2013-03-23	18.883333	30	32.4	0.027667	44	0.047	0.068889	0.0	0.4	0.3720037499999999	7.0	0.7
2013-03-24	21.145833	36	38.0	0.026625	54	0.056	0.189394	0.0	0.8	0.4598104999999999	7.0	0.8
2013-03-25	32.579167	48	51.8	0.022792	41	0.044	0.3355264999999999	1.0	1.2	0.59025725	11.0	1.3
2013-03-26	23.6375	40	42.5	0.026542	38	0.041	0.025	0.0	0.2	0.25	7.0	0.7
2013-03-27	18.758333	29	31.6	0.025	31	0.034	0.1386365	1.0	1.4	0.2	5.0	0.5
2013-03-28	24.53913	36	38.3	0.01725	28	0.03	0.2	3.0	2.0	0.2404485	6.0	0.6
2013-03-29	26.9	36	38.3	0.0155	27	0.029	0.1480395	1.0	1.1	0.259478	7.0	0.7
2013-03-30	15.941667	24	25.2	0.018875	24	0.026	0.043939	0.0	0.3	0.22823875	7.0	0.6
2013-03-31	7.9	12	13.2	0.019917	22	0.024	0.005263	0.0	0.1	0.175	5.0	0.4
2013-04-01	13.945455	23	24.9	0.0195	28	0.03	0.0	0.0	0.0	0.4135149999999999	6.0	0.657
2013-04-02	22.472727	30	32.6	0.019583	31	0.033	0.0325755	0.0	0.3	0.51076875	7.0	0.67
2013-04-03	22.968182	30	32.9	0.027083	34	0.037	0.0977275	0.0	0.5	0.536547	7.0	0.688
2013-04-04	21.275	28	30.4	0.016042	24	0.026	0.1266665	0.0	0.5	0.424501	7.0	0.7
2013-04-05	15.945455	26	28.1	0.019417	27	0.029	0.3808335	0.0	0.9	0.31654225	6.0	0.5
2013-04-06	13.168182	22	23.8	0.023625	31	0.034	0.2086955	0.0	0.7	0.3039735	6.0	0.6
2013-04-07	11.490909	20	21.6	0.028375	33	0.036	0.227329	0.0	0.9	0.312484	6.0	0.5
2013-04-08	10.172727	20	21.7	0.032417	38	0.041	0.0	0.0	0.0	0.2895265	5.0	0.5
2013-04-09	17.263636	40	42.6	0.027542	40	0.043	0.0681819999999999	0.0	0.4	0.33268175	6.0	0.7
2013-04-10	30.931818	50	53.6	0.019708	38	0.041	0.3072915	0.0	0.8	0.5465059999999999	11.0	1.2
2013-04-11	24.95625	40	42.4	0.021538	28	0.03	0.271875	0.0	0.8	0.4924435	9.0	1.0
2013-04-12	15.28125	23	24.7	0.024692	35	0.038	0.1439389999999999	0.0	0.5	0.31151025	5.0	0.6
2013-04-13	12.618182	23	24.8	0.032542	35	0.038	0.0	0.0	0.0	0.30694325	6.0	0.5
2013-04-14	7.931818	10	11.8	0.031083	32	0.035	0.3272724999999999	6.0	4.5	0.219053	3.0	0.4
2013-04-15	12.677273	25	26.1	0.02675	31	0.033	0.0962119999999999	0.0	0.3	0.249856	5.0	0.4
2013-04-16	10.464706	31	33.7	0.038	37	0.04	0.144697	0.0	0.3	0.27586725	5.0	0.5
2013-04-17	15.168182	41	43.1	0.028583	42	0.045	0.3805555	0.0	0.7	0.329267	7.0	0.8
2013-04-18	26.461905	43	46.5	0.023375	42	0.045	0.6651515	1.0	1.7	0.5227120000000001	10.0	1.4
2013-04-19	26.372727	41	43.2	0.026542	47	0.051	0.2083335	1.0	1.6	0.49786725	9.0	1.0
2013-04-20	27.381818	44	47.3	0.026833	48	0.052	0.5727275000000001	1.0	1.2	0.4805605	8.0	0.8
2013-04-21	17.754545	28	30.8	0.030167	49	0.053	0.3375	1.0	1.1	0.4113295	7.0	0.8
2013-04-22	15.027273	26	28.6	0.031042	38	0.041	0.1174245	0.0	0.6	0.29200725	5.0	0.5
2013-04-23	14.340909	21	22.8	0.032083	36	0.039	0.087121	0.0	0.3	0.28703775	5.0	0.4
2013-04-24	15.954545	23	24.9	0.026083	29	0.031	0.1348485	1.0	1.0	0.2875415	5.0	0.4
2013-04-25	11.52381	27	29.8	0.022417	31	0.033	0.1924245	0.0	0.8	0.284842	5.0	0.6
2013-04-26	20.277273	30	32.3	0.016375	29	0.031	0.3772725	1.0	1.0	0.42103025	8.0	0.9
2013-04-27	19.986364	35	37.7	0.022417	35	0.038	0.468182	1.0	1.0	0.4749354999999999	9.0	1.0
2013-04-28	13.086364	22	23.7	0.032792	47	0.051	0.1136365	0.0	0.6	0.3563675	6.0	0.6
2013-04-29	17.4	25	26.4	0.027583	33	0.036	0.237143	0.0	0.6	0.34047725	6.0	0.5
2013-04-30	12.818182	21	22.4	0.0295	32	0.035	0.1590909999999999	0.0	0.3	0.2538027499999999	5.0	0.4
2013-05-01	15.313636	25	26.1	0.029833	36	0.039	0.0136365	0.0	0.5	0.29168575	5.0	0.5
2013-05-02	31.552381	61	63.7	0.024292	51	0.055	0.197619	0.0	0.6	0.5179940000000001	10.0	1.3
2013-05-03	35.672727	60	62.5	0.0375	97	0.069	0.4007575	1.0	1.2	0.56512875	11.0	1.0
2013-05-04	10.590909	36	38.8	0.040833	48	0.052	0.0833335	0.0	0.5	0.29989025	6.0	0.554
2013-05-05	3.609091	5	5.8	0.037042	39	0.042	0.154545	6.0	4.4	0.20244325	3.0	0.3
2013-05-06	12.372727	22	23.1	0.022917	25	0.027	0.0	0.0	0.0	0.23498475	5.0	0.4
2013-05-07	10.822727	26	28.4	0.028583	36	0.039	0.0	0.0	0.0	0.26035975	5.0	0.4
2013-05-08	10.818182	28	30.2	0.02425	34	0.037	0.0022725	0.0	0.2	0.2625794999999999	5.0	0.5
2013-05-09	18.145455	26	28.3	0.02187	33	0.036	0.1439389999999999	0.0	0.5	0.315764	5.0	0.5
2013-05-10	19.490476	31	33.9	0.02175	33	0.036	0.104762	0.0	0.3	0.35121375	6.0	0.7
2013-05-11	27.363636	40	42.5	0.023542	48	0.052	0.1439389999999999	0.0	0.4	0.55278425	9.0	0.9
2013-05-12	28.759091	46	49.7	0.025875	74	0.062	0.078788	0.0	0.3	0.598557	10.0	1.1
2013-05-13	34.236364	79	80.7	0.025042	50	0.054	0.202381	0.0	0.6	0.6249015	13.0	1.354
2013-05-14	16.681818	30	32.0	0.022	30	0.032	0.17197	0.0	0.6	0.30053425	6.0	0.5
2013-05-15	16.109524	25	27.1	0.02985	36	0.039	0.131905	0.0	0.5	0.2749405	5.0	0.4
2013-05-16	12.818182	16	17.5	0.029833	34	0.037	0.090909	0.0	0.7	0.2789915	5.0	0.4
2013-05-17	14.66	24	25.9	0.027625	39	0.042	0.0416665	0.0	0.3	0.275981	5.0	0.5
2013-05-18	12.013636	25	26.6	0.026417	40	0.043	0.0484845	0.0	0.3	0.288015	5.0	0.6
2013-05-19	12.986364	27	29.4	0.029542	44	0.047	0.0522725	0.0	0.3	0.3355605	7.0	0.7
2013-05-20	20.586364	31	33.2	0.028667	44	0.047	0.135606	0.0	0.4	0.3917045	7.0	0.8
2013-05-21	16.272727	25	27.5	0.032625	44	0.048	0.056061	0.0	0.4	0.3294585	6.0	0.6
2013-05-22	11.627273	17	18.7	0.034625	39	0.042	0.097619	0.0	0.7	0.26361	5.0	0.4
2013-05-23	12.545455	30	32.8	0.031087	41	0.044	0.1265155	0.0	0.7	0.2544205	5.0	0.5
2013-05-24	14.14	32	34.6	0.033789	39	0.042	0.12	0.0	0.4	0.306168	6.0	0.6
2013-05-25	7.333333	8	8.1	0.031833	42	0.045	0.0416665	0.0	0.1	0.258004	5.0	0.4
2013-05-26	9.7027775	20.0	21.1	0.0259665	42.0	0.045	0.0563095	0.0	0.4	0.25377612499999996	5.0	0.6
2013-05-27	9.7027775	20.0	21.1	0.0259665	42.0	0.045	0.0563095	0.0	0.4	0.25377612499999996	5.0	0.6
2013-05-28	12.072222	20	21.1	0.0201	28	0.03	0.0709525	0.0	0.4	0.2495482499999999	5.0	0.6
2013-05-29	13.240909	20	21.1	0.021625	34	0.037	0.109091	0.0	0.6	0.2604965	5.0	0.5
2013-05-30	16.372727	23	24.6	0.026875	40	0.043	0.2636365	1.0	1.4	0.311072	6.0	0.6
2013-05-31	16.238095	28	30.9	0.027333	43	0.046	0.0514285	0.0	0.5	0.30510725	5.0	0.5
2013-06-01	17.077273	28	30.9	0.035375	47	0.051	0.0	0.0	0.0	0.3925265	7.0	0.7
2013-06-02	7.240909	9	10.6	0.040917	49	0.053	0.0	0.0	0.0	0.2635645	5.0	0.4
2013-06-03	10.318182	12	13.9	0.032292	38	0.041	0.0	0.0	0.0	0.24154925	5.0	0.4
2013-06-04	11.75	23	24.5	0.031208	38	0.041	0.0	0.0	0.0	0.255447	5.0	0.4
2013-06-05	9.368421	12	13.4	0.027222	31	0.033	0.0026315	0.0	0.1	0.21650575	5.0	0.4
2013-06-06	11.257143	21	22.0	0.029409	34	0.037	0.0266665	0.0	0.3	0.27618275	6.0	0.5
2013-06-07	13.60625	24	25.9	0.026769	34	0.037	0.0136365	0.0	0.1	0.302971	5.0	0.5
2013-06-08	13.73913	18	19.4	0.028	38	0.041	0.12197	0.0	0.4	0.2959517499999999	5.0	0.5
2013-06-09	9.613043	11	12.5	0.03375	43	0.046	0.087121	0.0	0.5	0.274214	5.0	0.4
2013-06-10	11.517391	17	18.3	0.0245	31	0.033	0.0674245	0.0	0.4	0.2480629999999999	5.0	0.4
2013-06-11	16.2	23	24.1	0.016769	22	0.024	0.05	0.0	0.2	0.31087425	5.0	0.6
2013-06-12	13.3	19	20.7	0.031333	32	0.035	0.2642855	6.0	4.1	0.26284525	5.0	0.4
2013-06-13	17.104348	27	29.6	0.025417	38	0.041	0.0848485	0.0	0.3	0.31466675	6.0	0.5
2013-06-14	17.743478	27	29.7	0.029875	40	0.043	0.139394	0.0	0.5	0.304652	5.0	0.5
2013-06-15	11.830435	16	17.9	0.03725	47	0.051	0.0416665	0.0	0.2	0.268112	5.0	0.4
2013-06-16	9.43913	15	16.8	0.034208	50	0.054	0.0174245	0.0	0.1	0.261036	5.0	0.4
2013-06-17	21.43913	26	28.9	0.0205	41	0.044	0.078788	0.0	0.6	0.40265525	7.0	0.8
2013-06-18	18.886364	29	31.0	0.022708	39	0.042	0.230303	0.0	0.6	0.3699132499999999	7.0	0.7
2013-06-19	17.095455	30	32.9	0.020208	33	0.036	0.1185715	0.0	0.5	0.28304375	5.0	0.6
2013-06-20	23.304348	40	42.8	0.02225	38	0.041	0.176923	0.0	0.6	0.38087325	7.0	0.8
2013-06-21	20.482609	29	31.2	0.026167	39	0.042	0.1099999999999999	0.0	0.6	0.337806	6.0	0.6
2013-06-22	10.973913	22	23.8	0.033125	44	0.048	0.0107145	0.0	0.3	0.25117325	5.0	0.4
2013-06-23	7.343478	12	13.8	0.033292	41	0.044	0.0	0.0	0.0	0.22086725	5.0	0.4
2013-06-24	11.1	17	18.5	0.022625	30	0.032	0.0	0.0	0.0	0.21758275	3.0	0.4
2013-06-25	14.83	22	23.4	0.011458	20	0.022	0.043684	0.0	0.2	0.2608749999999999	5.0	0.5
2013-06-26	20.604348	36	38.2	0.018542	38	0.041	0.3083335	0.0	0.7	0.371623	7.0	0.8
2013-06-27	24.795455	36	38.8	0.023292	45	0.049	0.3533335	1.0	1.0	0.40984525	7.0	0.7
2013-06-28	28.63913	49	52.9	0.016667	35	0.038	0.42803	1.0	1.2	0.5183372500000001	10.0	1.0
2013-06-29	26.66087	39	41.5	0.02375	61	0.058	0.371212	0.0	0.8	0.6027245	11.0	1.1
2013-06-30	24.375	39	41.5	0.015	31	0.034	0.6886365	3.0	2.0	0.4815245	9.0	0.9
2013-07-01	29.089474	45	48.1	0.0065	16	0.017	0.6409935	1.0	1.4	0.5013190000000001	9.0	1.2
2013-07-02	25.014286	38	40.6	0.013833	27	0.029	0.95	3.0	2.4	0.47987325	9.0	0.9
2013-07-03	18.39	25	27.0	0.017714	27	0.029	0.0975	0.0	0.5	0.370331	7.0	0.7
2013-07-04	12.659091	21	22.1	0.024083	40	0.043	0.309317	1.0	1.2	0.32417525	6.0	0.5
2013-07-05	14.985	20	21.8	0.018429	27	0.029	0.2425465	0.0	0.6	0.3273455	6.0	0.5
2013-07-06	13.331818	17	18.5	0.024542	36	0.039	0.063354	0.0	0.5	0.30646025	6.0	0.5
2013-07-07	10.545455	13	14.9	0.026375	40	0.043	0.079193	0.0	0.7	0.30641975	6.0	0.5
2013-07-08	23.277273	36	38.8	0.018542	37	0.04	0.3590065	1.0	1.9	0.4363509999999999	9.0	0.9
2013-07-09	28.37	41	43.5	0.023476	40	0.043	0.5158385000000001	1.0	1.3	0.495835	9.0	1.0
2013-07-10	29.021739	34	36.9	0.011417	22	0.024	0.02803	0.0	0.5	0.412511	7.0	0.8
2013-07-11	28.009091	36	38.4	0.006333	11	0.012	0.0	0.0	0.7	0.4063095	7.0	0.7
2013-07-12	21.34	29	31.0	0.014588	32	0.035	0.033333	0.0	0.1	0.34634125	6.0	0.6
2013-07-13	18.890909	28	30.1	0.023958	42	0.045	0.0	0.0	0.0	0.36068625	6.0	0.6
2013-07-14	18.572727	27	29.5	0.027542	49	0.053	0.067857	0.0	0.4	0.37550075	6.0	0.6
2013-07-15	17.314286	35	37.0	0.0209	27	0.029	0.02	0.0	0.1	0.33104	6.0	0.8
2013-07-16	17.057143	24	25.5	0.017667	32	0.035	0.1025	0.0	0.6	0.30397525	5.0	0.7
2013-07-17	23.8	42	45.2	0.021667	39	0.042	0.0425465	0.0	0.2	0.3977045	8.0	0.8
2013-07-18	23.561111	36	38.0	0.015588	28	0.03	0.0	0.0	0.0	0.402589	8.0	0.7
2013-07-19	22.190909	34	36.0	0.022167	32	0.035	0.1266665	0.0	0.6	0.3508705	7.0	0.7
2013-07-20	12.422727	19	20.7	0.024875	35	0.038	0.0	0.0	0.0	0.23911525	5.0	0.5
2013-07-21	13.736364	22	23.3	0.016417	23	0.025	0.0178575	0.0	0.2	0.26167525	6.0	0.6
2013-07-22	12.536364	20	21.6	0.021958	36	0.039	0.0	0.0	0.0	0.2741234999999999	7.0	0.7
2013-07-23	8.43125	11	12.9	0.0173	19	0.02	0.0	0.0	0.0	0.2217374999999999	5.0	0.4
2013-07-24	9.96	19	20.1	0.022737	30	0.032	0.0	0.0	0.0	0.270336	5.0	0.5
2013-07-25	12.9	18	19.5	0.018783	29	0.031	0.0	0.0	0.0	0.28843825	6.0	0.6
2013-07-26	19.8	26	28.4	0.01985	27	0.029	0.0	0.0	0.0	0.31455175	7.0	0.7
2013-07-27	14.109091	19	20.8	0.029	42	0.045	0.06	0.0	0.4	0.27236	5.0	0.5
2013-07-28	9.477273	10	11.9	0.033792	43	0.046	0.0	0.0	0.0	0.20853775	5.0	0.4
2013-07-29	16.927273	24	25.2	0.028958	38	0.041	0.0	0.0	0.0	0.26409775	6.0	0.5
2013-07-30	11.614286	20	21.8	0.029818	30	0.032	0.0	0.0	0.0	0.2588745	5.0	0.503
2013-07-31	10.469565	18	19.8	0.033542	38	0.041	0.0	0.0	0.0	0.2358174999999999	5.0	0.4
2013-08-01	16.44	34	36.1	0.024611	38	0.041	0.0	0.0	0.0	0.30063875	6.0	0.5
2013-08-02	15.922727	35	37.1	0.036	50	0.054	0.0	0.0	0.0	0.33479525	6.0	0.5
2013-08-03	13.773913	21	22.0	0.036542	58	0.057	0.0	0.0	0.0	0.3142575	6.0	0.5
2013-08-04	9.134783	15	16.7	0.035542	50	0.054	0.0	0.0	0.0	0.28753125	5.0	0.5
2013-08-05	17.66087	34	36.7	0.0285	44	0.047	0.0	0.0	0.0	0.36478975	7.0	0.7
2013-08-06	14.118182	23	24.3	0.027792	38	0.041	0.0	0.0	0.0	0.29905175	6.0	0.5
2013-08-07	14.852174	22	23.5	0.022625	37	0.04	0.0	0.0	0.0	0.30122875	6.0	0.5
2013-08-08	15.226087	21	22.6	0.018958	31	0.033	0.1333335	0.0	0.4	0.37394075	7.0	0.8
2013-08-09	14.321429	18	19.1	0.020769	29	0.031	0.0	0.0	0.0	0.3112565	6.0	0.5
2013-08-10	14.065217	21	22.2	0.030542	44	0.047	0.05	0.0	0.4	0.335961	6.0	0.6
2013-08-11	13.9	24	25.3	0.027417	47	0.051	0.375	4.0	3.6	0.3128785	6.0	0.5
2013-08-12	17.677273	26	28.1	0.026458	43	0.046	0.0	0.0	0.1	0.33623975	6.0	0.5
2013-08-13	16.888235	22	23.3	0.024214	44	0.048	0.0	0.0	0.0	0.35688825	6.0	0.6
2013-08-14	20.626087	37	39.6	0.032417	64	0.059	0.0	0.0	0.0	0.4348587499999999	8.0	0.8
2013-08-15	23.28	34	36.4	0.033773	67	0.06	0.3	1.0	1.0	0.452865	8.0	0.8
2013-08-16	27.289474	40	42.2	0.020833	51	0.055	0.1714284999999999	0.0	0.7	0.5565495	11.0	1.0
2013-08-17	16.336364	31	33.0	0.022417	44	0.047	0.2916665	0.0	0.8	0.45240925	8.0	0.8
2013-08-18	16.1	21	22.7	0.027667	48	0.052	0.656818	1.0	1.3	0.4334504999999999	7.0	0.7
2013-08-19	12.172727	18	19.6	0.028042	38	0.041	0.388509	1.0	1.6	0.33937475	6.0	0.6
2013-08-20	11.846667	18	19.7	0.017917	30	0.032	0.19	0.0	0.5	0.31222025	5.0	0.6
2013-08-21	19.277273	36	38.5	0.018333	34	0.037	0.77803	7.0	5.2	0.422235	9.0	0.9
2013-08-22	19.386667	25	27.8	0.0105	20	0.022	0.6833335	3.0	2.2	0.39799625	7.0	0.9
2013-08-23	22.705556	42	44.0	0.0156	35	0.038	0.8	4.0	3.3	0.500954	9.0	1.0
2013-08-24	18.863636	28	30.9	0.024833	49	0.053	0.3636365	0.0	0.8	0.45385975	7.0	0.8
2013-08-25	21.170833	31	33.7	0.024083	54	0.056	0.4204545	0.0	0.8	0.5876325	9.0	1.2
2013-08-26	25.791667	45	48.8	0.023	45	0.049	0.712879	6.0	4.6	0.622822	13.0	1.2
2013-08-27	22.2875	27	29.2	0.0185	38	0.041	1.6424245	7.0	5.7	0.47122725	8.0	0.7
2013-08-28	25.791667	43	46.6	0.020292	44	0.047	0.912879	1.0	1.6	0.58321225	11.0	1.2
2013-08-29	28.0875	40	42.0	0.019125	40	0.043	0.8500000000000001	1.0	1.6	0.63714775	13.0	1.5
2013-08-30	24.716667	45	48.4	0.019333	36	0.039	0.8395239999999999	1.0	1.6	0.5675415	11.0	1.3
2013-08-31	19.416667	38	40.5	0.019708	30	0.032	0.987879	3.0	2.4	0.4498977499999999	9.0	1.1
2013-09-01	6.741667	13	14.4	0.018958	27	0.029	0.1984845	0.0	0.6	0.2332992499999999	5.0	0.4
2013-09-02	9.220833	15	16.1	0.015625	29	0.031	0.243939	1.0	1.0	0.26210975	5.0	0.4
2013-09-03	19.829167	37	39.6	0.0145	31	0.034	0.5977275	3.0	2.1	0.521553	10.0	1.4
2013-09-04	24.720833	47	50.7	0.017125	37	0.04	0.8356060000000001	1.0	1.5	0.5775492499999999	10.0	1.0
2013-09-05	31.572727	67	69.1	0.018458	44	0.048	0.964394	3.0	2.0	0.68727675	15.0	1.7
2013-09-06	30.64	60	62.3	0.013167	36	0.039	0.8981365	1.0	1.9	0.61672825	11.0	1.2
2013-09-07	22.7	32	34.5	0.026292	61	0.058	0.769876	1.0	1.4	0.5455615	10.0	0.9
2013-09-08	14.75	25	26.7	0.027042	44	0.048	0.8288819999999999	3.0	2.5	0.461772	9.0	1.0
2013-09-09	14.504545	23	24.9	0.021917	33	0.036	0.5273289999999999	1.0	1.7	0.3734695	8.0	0.8
2013-09-10	12.645455	23	24.4	0.021625	32	0.035	0.2611799999999999	0.0	0.8	0.33590725	6.0	0.6
2013-09-11	11.37619	18	19.3	0.026318	36	0.039	0.2223605	0.0	0.6	0.3435104999999999	6.0	0.6
2013-09-12	19.218182	32	34.7	0.021	43	0.046	0.3447205	0.0	0.7	0.5080975	10.0	1.1
2013-09-13	25.281818	44	47.9	0.020625	42	0.045	0.5807455	3.0	2.0	0.59990375	13.0	1.2
2013-09-14	23.136364	44	47.5	0.024292	49	0.053	0.1291665	0.0	0.3	0.47617725	14.0	1.3
2013-09-15	20.354545	31	33.1	0.026708	67	0.06	0.1541665	0.0	0.4	0.35669875	9.0	0.9
2013-09-16	23.059091	45	48.4	0.021125	43	0.046	0.1125	0.0	0.4	0.40707475	13.0	1.3
2013-09-17	20.942857	31	33.8	0.0257	34	0.037	0.056211	0.0	0.2	0.33248975	8.0	0.8
2013-09-18	13.413043	23	24.6	0.027875	43	0.046	0.0458335	0.0	0.6	0.2409005	6.0	0.7
2013-09-19	18.186364	27	29.4	0.031167	45	0.049	0.0708335	0.0	0.2	0.338804	9.0	1.0
2013-09-20	12.834783	18	19.9	0.035333	43	0.046	0.0020835	0.0	0.1	0.2388545	6.0	0.6
2013-09-21	7.847826	16	17.0	0.035333	51	0.055	0.0041665	0.0	0.1	0.1881405	5.0	0.4
2013-09-22	10.6	25	26.5	0.0235	41	0.044	0.0354165	0.0	0.1	0.221889	6.0	0.7
2013-09-23	21.708696	34	36.0	0.02625	51	0.055	0.1	0.0	0.3	0.32821025	8.0	0.9
2013-09-24	22.863636	36	38.2	0.027917	50	0.054	0.1083335	0.0	0.2	0.338533	10.0	1.0
2013-09-25	13.486957	25	27.9	0.028417	40	0.043	0.0645835	0.0	0.1	0.23628125	7.0	0.8
2013-09-26	12.718182	25	27.6	0.023542	39	0.042	0.0416665	0.0	0.1	0.2144897499999999	6.0	0.7
2013-09-27	21.675	34	36.7	0.018692	43	0.046	0.1083335	0.0	0.3	0.3594327499999999	9.0	1.2
2013-09-28	21.927273	38	40.6	0.024292	47	0.051	0.1020835	0.0	0.2	0.43623775	13.0	1.3
2013-09-29	19.05	32	34.5	0.030583	61	0.058	0.1291665	0.0	0.4	0.44090825	14.0	1.2
2013-09-30	26.190909	41	43.0	0.020208	43	0.046	0.1479165	0.0	0.4	0.4881935	14.0	1.5
2013-10-01	19.1	30	32.2	0.026708	41	0.044	0.1201865	0.0	0.3	0.52830575	11.0	1.4
2013-10-02	9.504545	13	14.6	0.031458	36	0.039	0.027329	0.0	0.2	0.2791935	6.0	0.5
2013-10-03	10.581818	22	23.6	0.032208	44	0.048	0.004348	0.0	0.1	0.33887275	7.0	0.8
2013-10-04	25.45	47	50.1	0.023792	45	0.049	0.0360245	0.0	0.2	0.57736275	13.0	1.5
2013-10-05	21.752381	38	40.6	0.026762	49	0.053	0.0829195	0.0	0.4	0.71166975	14.0	1.4
2013-10-06	16.82381	37	39.3	0.034952	71	0.061	0.0403725	0.0	0.2	0.5511245	14.0	1.3
2013-10-07	24.066667	42	45.9	0.027476	44	0.048	0.1360245	0.0	0.5	0.65556925	14.0	1.5
2013-10-08	16.466667	25	27.7	0.029333	37	0.04	0.079193	0.0	0.2	0.4758002499999999	10.0	1.1
2013-10-09	9.2875	13	14.5	0.028923	33	0.036	0.0107145	0.0	0.1	0.26947625	5.0	0.6
2013-10-10	16.33875	34.0	36.7	0.024628	39.0	0.042	0.10613349999999999	0.0	0.5	0.42420837499999997	9.0	0.9
2013-10-11	16.33875	34.0	36.7	0.024628	39.0	0.042	0.10613349999999999	0.0	0.5	0.42420837499999997	9.0	0.9
2013-10-12	16.33875	34.0	36.7	0.024628	39.0	0.042	0.10613349999999999	0.0	0.5	0.42420837499999997	9.0	0.9
2013-10-13	16.33875	34.0	36.7	0.024628	39.0	0.042	0.10613349999999999	0.0	0.5	0.42420837499999997	9.0	0.9
2013-10-14	16.33875	34.0	36.7	0.024628	39.0	0.042	0.10613349999999999	0.0	0.5	0.42420837499999997	9.0	0.9
2013-10-15	16.33875	34.0	36.7	0.024628	39.0	0.042	0.10613349999999999	0.0	0.5	0.42420837499999997	9.0	0.9
2013-10-16	16.33875	34.0	36.7	0.024628	39.0	0.042	0.10613349999999999	0.0	0.5	0.42420837499999997	9.0	0.9
2013-10-17	16.33875	34.0	36.7	0.024628	39.0	0.042	0.10613349999999999	0.0	0.5	0.42420837499999997	9.0	0.9
2013-10-18	16.33875	34.0	36.7	0.024628	39.0	0.042	0.10613349999999999	0.0	0.5	0.42420837499999997	9.0	0.9
2013-10-19	16.33875	34.0	36.7	0.024628	39.0	0.042	0.10613349999999999	0.0	0.5	0.42420837499999997	9.0	0.9
2013-10-20	16.33875	34.0	36.7	0.024628	39.0	0.042	0.10613349999999999	0.0	0.5	0.42420837499999997	9.0	0.9
2013-10-21	16.33875	34.0	36.7	0.024628	39.0	0.042	0.10613349999999999	0.0	0.5	0.42420837499999997	9.0	0.9
2013-10-22	16.33875	34.0	36.7	0.024628	39.0	0.042	0.10613349999999999	0.0	0.5	0.42420837499999997	9.0	0.9
2013-10-23	16.33875	34.0	36.7	0.024628	39.0	0.042	0.10613349999999999	0.0	0.5	0.42420837499999997	9.0	0.9
2013-10-24	16.33875	34.0	36.7	0.024628	39.0	0.042	0.10613349999999999	0.0	0.5	0.42420837499999997	9.0	0.9
2013-10-25	23.39	34	36.7	0.020333	39	0.042	0.2015525	0.0	0.5	0.5789405	9.0	0.9
2013-10-26	36.695652	51	54.6	0.017375	38	0.041	0.303788	1.0	1.0	0.9684565	17.0	1.8
2013-10-27	22.040909	36	38.8	0.03225	46	0.05	0.3568179999999999	1.0	1.6	0.717754	18.0	1.7
2013-10-28	11.265217	20	21.6	0.029958	33	0.036	0.075	0.0	0.6	0.23012725	5.0	0.5
2013-10-29	19.181818	29	31.8	0.018292	31	0.033	0.131818	0.0	0.5	0.39481825	8.0	0.9
2013-10-30	31.871429	38	40.3	0.004545	6	0.006	0.459091	1.0	1.1	0.62157	10.0	1.1
2013-10-31	30.225	46	49.0	0.013308	32	0.035	0.453416	1.0	1.1	0.744709	11.0	1.5
2013-11-01	32.119048	54	57.2	0.0176	34	0.037	0.5757765	1.0	1.4	0.989405	15.0	1.8
2013-11-02	23.021739	38	40.2	0.030333	41	0.044	0.5729165	1.0	1.6	0.6919379999999999	16.0	1.4
2013-11-03	11.680952	22	23.1	0.038208	47	0.051	0.269876	1.0	1.1	0.4223215	7.0	0.6
2013-11-04	16.077273	35	37.1	0.025583	34	0.037	0.23323	1.0	1.1	0.4397725	7.0	0.9
2013-11-05	32.9	42	44.7	0.007813	18	0.019	0.4475155	1.0	1.1	0.8895835000000001	11.0	1.3
2013-11-06	36.322727	48	51.2	0.013917	30	0.032	0.658385	1.0	1.3	0.919697	14.0	1.6
2013-11-07	36.604348	51	54.2	0.013375	28	0.03	0.765625	1.0	1.5	0.90309575	14.0	1.7
2013-11-08	40.204348	46	49.5	0.011333	23	0.025	0.820476	1.0	1.8	0.94452	16.0	1.8
2013-11-09	35.509091	42	44.3	0.016958	35	0.038	0.5840909999999999	1.0	1.3	0.85356825	14.0	1.6
2013-11-10	33.5	46	49.3	0.022292	47	0.051	0.487121	1.0	1.0	0.844841	16.0	1.4
2013-11-11	37.627273	42	45.0	0.020458	44	0.048	0.5757574999999999	1.0	1.2	0.81785225	14.0	1.3
2013-11-12	53.357143	81	82.6	0.00525	7	0.008	1.4234845	3.0	2.6	1.36180575	20.0	2.4
2013-11-13	37.563636	55	58.8	0.01375	30	0.032	1.6464285	3.0	2.4	1.02250125	19.0	1.7
2013-11-14	38.277273	48	51.5	0.015417	26	0.028	1.3866665	4.0	3.7	0.7320930000000001	15.0	1.5
2013-11-15	20.622727	39	41.5	0.021875	30	0.032	0.7023809999999999	1.0	1.3	0.46160025	10.0	0.9
2013-11-16	16.363636	33	35.7	0.024917	37	0.04	0.504348	1.0	1.3	0.403429	9.0	0.9
2013-11-17	18.572727	31	33.1	0.021292	38	0.041	0.437578	1.0	1.1	0.515889	9.0	1.1
2013-11-18	19.090909	27	29.5	0.024125	34	0.037	0.4863635	1.0	1.2	0.60887875	13.0	1.1
2013-11-19	14.980952	23	24.2	0.025286	33	0.036	0.204348	0.0	0.9	0.35408325	6.0	0.6
2013-11-20	24.652381	32	34.5	0.01619	19	0.021	0.6518634999999999	1.0	1.6	0.45607725	9.0	0.8
2013-11-21	16.916667	28	30.8	0.016154	23	0.025	0.28125	1.0	1.1	0.3491295	6.0	0.8
2013-11-22	26.209524	29	31.1	0.007381	12	0.013	0.651242	4.0	3.9	0.626863	10.0	1.1
2013-11-23	20.071429	29	31.4	0.015143	27	0.029	0.2403725	1.0	1.1	0.5705525	11.0	1.2
2013-11-24	18.166667	31	33.1	0.017286	30	0.032	0.2249999999999999	1.0	1.0	0.589474	11.0	1.3
2013-11-25	26.352381	34	36.6	0.014095	24	0.026	0.37205	1.0	1.0	0.7554607499999999	13.0	1.4
2013-11-26	32.985714	44	47.5	0.01081	19	0.021	0.6477275	1.0	1.4	0.89493475	15.0	1.9
2013-11-27	31.071429	39	41.6	0.013381	25	0.027	0.67205	1.0	1.4	0.73352175	15.0	1.5
2013-11-28	22.333333	33	35.1	0.019619	37	0.04	0.4447204999999999	1.0	1.2	0.688745	16.0	1.6
2013-11-29	26.195238	29	31.1	0.007952	13	0.014	0.3381985	1.0	1.3	0.7404605	14.0	1.5
2013-11-30	20.614286	31	33.4	0.014524	27	0.029	0.2878885	1.0	1.1	0.6987099999999999	13.0	1.5
2013-12-01	23.128571	35	37.0	0.015571	29	0.031	0.36118	1.0	1.4	0.6917249999999999	15.0	1.3
2013-12-02	33.080952	38	40.3	0.008286	14	0.015	0.797826	1.0	1.9	0.9269215	15.0	1.7
2013-12-03	22.738095	39	41.6	0.021238	30	0.032	0.381818	1.0	1.2	0.77637925	18.0	1.8
2013-12-04	19.757143	36	38.1	0.021381	31	0.033	0.2479164999999999	1.0	1.1	0.43033725	9.0	1.3
2013-12-05	24.395238	35	37.4	0.020238	35	0.038	0.3670805	1.0	1.0	0.5571115	10.0	1.1
2013-12-06	25.605	35	37.0	0.01805	30	0.032	0.5113635000000001	1.0	1.1	0.637875	11.0	1.3
2013-12-07	20.814286	31	33.0	0.016238	21	0.023	0.258385	1.0	1.1	0.5544695	14.0	1.2
2013-12-08	19.528571	30	32.1	0.017857	28	0.03	0.3333335	1.0	1.2	0.49090825	10.0	1.2
2013-12-09	29.304762	40	42.3	0.013524	25	0.027	0.677019	1.0	1.8	0.7661420000000001	14.0	1.5
2013-12-10	33.266667	42	44.4	0.010762	19	0.02	0.856818	3.0	2.8	0.8409005	15.0	1.7
2013-12-11	30.842857	35	37.8	0.01219	21	0.023	0.2825	1.0	1.0	0.6548075	10.0	1.2
2013-12-12	33.028571	36	38.7	0.008381	14	0.015	0.8474999999999999	1.0	1.6	0.8334185000000001	15.0	1.8
2013-12-13	33.573913	38	40.5	0.008792	15	0.016	0.8438095	1.0	1.3	1.077423	17.0	2.0
2013-12-14	32.631818	42	44.3	0.011458	22	0.024	0.904762	1.0	1.7	1.1418015	20.0	2.2
2013-12-15	27.465217	39	41.0	0.01575	28	0.03	0.540476	1.0	1.2	0.8575255	18.0	1.8
2013-12-16	32.536364	45	48.8	0.010792	19	0.02	0.6947620000000001	3.0	2.0	0.77471	18.0	2.4
2013-12-17	31.044444	33	35.2	0.006294	8	0.009	1.4185715	4.0	3.9	1.0897739999999998	23.0	2.5
2013-12-18	34.044444	42.0	44.1	0.0064325	13.0	0.014	1.00553575	4.0	3.9	1.004252	23.0	2.5
2013-12-19	34.044444	42.0	44.1	0.0064325	13.0	0.014	1.00553575	4.0	3.9	1.004252	23.0	2.5
2013-12-20	34.044444	42.0	44.1	0.0064325	13.0	0.014	1.00553575	4.0	3.9	1.004252	23.0	2.5
2013-12-21	34.044444	42.0	44.1	0.0064325	13.0	0.014	1.00553575	4.0	3.9	1.004252	23.0	2.5
2013-12-22	34.044444	42.0	44.1	0.0064325	13.0	0.014	1.00553575	4.0	3.9	1.004252	23.0	2.5
2013-12-23	34.044444	42.0	44.1	0.0064325	13.0	0.014	1.00553575	4.0	3.9	1.004252	23.0	2.5
2013-12-24	37.044444	42	44.1	0.006571	13	0.014	0.5925	1.0	1.2	0.91873	15.0	1.7
2013-12-25	30.268182	43	46.6	0.014	31	0.033	0.575238	0.0	0.9	0.8519030000000001	16.0	1.6
2013-12-26	44.194118	53	56.9	0.006786	16	0.017	0.762857	1.0	1.4	1.00570825	16.0	1.8
2013-12-27	41.96	48	51.7	0.011667	24	0.026	0.975658	1.0	1.7	1.0192665	17.0	1.8
2013-12-28	36.875	42	44.6	0.0125	26	0.028	0.947619	1.0	1.6	1.01391025	18.0	1.7
2013-12-29	35.22381	43	46.7	0.013708	28	0.03	0.8757145	1.0	1.7	0.95596875	18.0	1.7
2013-12-30	44.257143	55	58.2	0.011048	20	0.022	1.2833335	1.0	1.9	1.0177805	17.0	2.0
2013-12-31	49.540909	58	61.4	0.008368	12	0.013	1.347143	3.0	2.0	1.18331425	19.0	2.2
2014-01-01	51.871429	64	66.8	0.010333	18	0.019	0.985606	3.0	2.1	1.45694025	23.0	2.4
2014-01-02	38.5	47	50.3	0.01165	22	0.024	0.8214285	1.0	1.6	0.947476	18.0	1.9
2014-01-03	48.228571	57	60.4	0.007095	10	0.011	1.1992425	3.0	2.0	1.19476	19.0	1.9
2014-01-04	43.280952	49	52.3	0.013095	24	0.026	0.9484845	4.0	3.5	1.18743825	19.0	2.2
2014-01-05	35.109524	44	47.8	0.015476	30	0.032	0.5560609999999999	1.0	1.5	0.961367	22.0	2.0
2014-01-06	39.554545	51	54.8	0.010083	19	0.021	0.3425465	1.0	1.7	0.70242675	15.0	1.9
2014-01-07	46.533333	56	59.1	0.006952	10	0.011	0.7226710000000001	1.0	1.8	0.807562	19.0	2.0
2014-01-08	44.628571	52	55.7	0.009286	15	0.016	1.114394	3.0	2.0	1.204605	22.0	2.1
2014-01-09	31.314286	44	47.0	0.013333	23	0.025	0.369697	0.0	0.9	0.6913055	14.0	1.2
2014-01-10	40.74	52	55.7	0.00919	19	0.021	0.822381	1.0	1.7	1.136631	18.0	2.1
2014-01-11	36.571429	47	50.3	0.011381	23	0.025	0.4136365	1.0	1.1	0.9924235	20.0	2.0
2014-01-12	34.361905	52	55.1	0.011762	26	0.028	0.5772725000000001	1.0	1.1	0.90820125	15.0	1.8
2014-01-13	38.814286	50	53.7	0.008667	20	0.022	0.694697	1.0	1.7	0.99311775	17.0	1.9
2014-01-14	46.152381	54	57.3	0.006333	15	0.016	0.928788	1.0	1.8	0.99575	17.0	1.9
2014-01-15	46.495238	65	67.0	0.006952	17	0.018	1.062879	3.0	2.2	1.186848	19.0	2.5
2014-01-16	46.438095	64	66.6	0.00719	17	0.018	1.3761905	4.0	3.0	1.1709995	20.0	2.4
2014-01-17	38.904762	52	55.7	0.012143	27	0.029	0.6727274999999999	1.0	1.6	0.9353255	19.0	1.7
2014-01-18	40.071429	55	58.0	0.012333	28	0.03	0.7386364999999999	1.0	1.5	0.9068445	16.0	2.1
2014-01-19	38.542857	53	56.6	0.010619	23	0.025	0.8015155	4.0	3.0	0.976352	19.0	1.8
2014-01-20	41.938095	54	57.1	0.012524	27	0.029	0.735404	1.0	1.4	1.0320095	19.0	1.8
2014-01-21	45.866667	55	58.8	0.004	8	0.009	0.7848485000000001	7.0	5.4	0.97241	17.0	2.1
2014-01-22	45.409524	54	57.6	0.007095	15	0.016	0.9863355	3.0	2.0	0.99636175	18.0	2.1
2014-01-23	45.371429	68	70.6	0.010429	16	0.017	0.6342855000000001	1.0	1.5	0.87281475	15.0	1.6
2014-01-24	44.561905	50	53.7	0.00381	8	0.009	0.7022725	1.0	1.2	0.806618	13.0	1.3
2014-01-25	38.371429	61	63.3	0.013476	28	0.03	0.614762	1.0	1.1	0.8306985	15.0	1.4
2014-01-26	29.504762	41	43.7	0.014	27	0.029	0.4613635	1.0	1.1	0.7607697499999999	14.0	1.4
2014-01-27	32.880952	41	43.5	0.011286	22	0.024	0.4234845	0.0	0.9	0.7256395	11.0	1.2
2014-01-28	39.980952	60	62.3	0.008381	18	0.019	0.54697	1.0	1.2	0.964226	16.0	1.6
2014-01-29	46.05	74	76.0	0.010778	16	0.017	0.4438094999999999	1.0	1.0	1.11351575	18.0	1.8
2014-01-30	20.038095	31	33.3	0.027143	34	0.037	0.019697	0.0	0.2	0.43479025	11.0	1.0
2014-01-31	14.29375	33	35.4	0.030545	32	0.035	0.0022725	0.0	0.1	0.3299755	7.0	0.8
2014-02-01	16.085714	33	35.6	0.02281	33	0.036	0.0265155	0.0	0.2	0.36170175	6.0	0.8
2014-02-02	15.466667	31	33.6	0.023381	30	0.032	0.0545455	0.0	0.3	0.382225	8.0	1.0
2014-02-03	21.085714	36	38.7	0.016429	30	0.032	0.0545455	0.0	0.4	0.439967	8.0	1.0
2014-02-04	29.911765	38	40.3	0.01375	21	0.023	0.196212	0.0	0.5	0.538996	10.0	1.1
2014-02-05	23.62381	40	42.8	0.018667	33	0.036	0.069697	0.0	0.5	0.441116	8.0	1.1
2014-02-06	31.94375	40	42.8	0.010091	13	0.014	0.07803	0.0	0.3	0.4419014999999999	8.0	0.8
2014-02-07	21.075	27	29.7	0.016944	23	0.025	0.0561905	0.0	0.6	0.42072025	8.0	1.2
2014-02-08	18.685714	29	31.1	0.015619	27	0.029	0.0083335	0.0	0.2	0.42039975	8.0	0.9
2014-02-09	16.609091	31	33.3	0.013125	22	0.024	0.0	0.0	0.0	0.40971525	8.0	1.0
2014-02-10	27.057143	37	39.6	0.009714	19	0.021	0.2083335	0.0	0.6	0.620793	11.0	1.3
2014-02-11	35.761905	48	51.2	0.008619	18	0.019	0.3568179999999999	1.0	1.0	0.86513475	14.0	1.7
2014-02-12	41.755	52	55.4	0.012048	24	0.026	0.512121	1.0	1.3	0.91822725	17.0	1.6
2014-02-13	47.480952	56	59.5	0.011048	23	0.025	0.7954545	1.0	1.4	1.0300805	16.0	1.8
2014-02-14	53.07619	62	64.0	0.010476	22	0.024	1.1833334999999998	1.0	1.8	1.1970475	18.0	2.0
2014-02-15	50.433333	68	70.6	0.011429	22	0.024	0.7666665	1.0	1.2	1.13293125	20.0	1.9
2014-02-16	34.638095	46	49.4	0.014429	27	0.029	0.737121	1.0	1.4	0.90400675	17.0	1.6
2014-02-17	30.37619	47	50.1	0.015381	25	0.027	0.393182	1.0	1.1	0.68233275	13.0	1.2
2014-02-18	20.785714	27	29.8	0.020095	25	0.027	0.0416665	0.0	0.3	0.399518	6.0	0.619
2014-02-19	23.947619	35	37.6	0.01981	31	0.034	0.059091	0.0	0.2	0.44549825	8.0	0.8
2014-02-20	36.581818	55	58.5	0.012167	27	0.029	0.302857	0.0	0.7	0.72521	13.0	1.7
2014-02-21	40.05	63	65.8	0.016708	37	0.04	0.3166664999999999	0.0	0.9	0.7985807500000001	14.0	1.4
2014-02-22	37.722727	50	53.8	0.017583	37	0.04	0.4431819999999999	1.0	1.2	0.75290525	11.0	1.4
2014-02-23	27.386364	42	44.4	0.027167	50	0.054	0.3886365	1.0	1.2	0.738746	15.0	1.4
2014-02-24	25.918182	37	39.1	0.027286	40	0.043	0.1954545	0.0	0.8	0.524125	8.0	0.9
2014-02-25	17.971429	26	28.5	0.024696	30	0.032	0.060606	0.0	0.4	0.34266825	6.0	0.5
2014-02-26	17.08	21	22.5	0.022917	26	0.028	0.0574999999999999	0.0	0.9	0.269754	5.0	0.444
2014-02-27	15.2	24	25.3	0.014813	17	0.018	0.017143	0.0	0.6	0.247453	3.0	0.4
2014-02-28	14.05	22	23.4	0.022042	24	0.026	0.0	0.0	0.0	0.23689	3.0	0.4
2014-03-01	15.404545	24	25.5	0.020167	25	0.027	0.0	0.0	0.2	0.26635225	5.0	0.4
2014-03-02	11.872727	24	25.7	0.020667	30	0.032	0.025	0.0	0.2	0.273951	6.0	0.6
2014-03-03	18.822727	28	30.3	0.01481	24	0.026	0.0234845	0.0	0.7	0.441932	7.0	0.8
2014-03-04	23.519048	29	31.2	0.013652	21	0.023	0.1151515	0.0	0.6	0.4208187499999999	7.0	0.615
2014-03-05	27.007143	31	33.3	0.003667	7	0.008	0.1045455	0.0	0.6	0.53132375	8.0	0.8
2014-03-06	21.525	27	29.5	0.020421	31	0.033	0.1765155	0.0	0.8	0.40910525	7.0	0.8
2014-03-07	24.663636	44	47.4	0.012667	28	0.03	0.1833335	0.0	0.6	0.4706249999999999	10.0	1.3
2014-03-08	25.113636	41	43.4	0.019417	42	0.045	0.27197	1.0	1.0	0.6396665	13.0	1.1
2014-03-09	16.213636	34	36.3	0.030333	49	0.053	0.1360245	3.0	2.0	0.4413815	9.0	0.957
2014-03-10	28.331818	41	43.9	0.018792	38	0.041	0.3325755	0.0	0.8	0.5037117499999999	9.0	1.1
2014-03-11	30.536364	40	42.1	0.017875	31	0.033	0.4325755	1.0	1.0	0.60921575	11.0	1.3
2014-03-12	17.568182	33	35.6	0.024625	37	0.04	0.0938095	0.0	0.9	0.428373	10.0	1.5
2014-03-13	14.7	29	31.2	0.024792	39	0.042	0.10303	0.0	0.7	0.2905204999999999	5.0	0.7
2014-03-14	22.234783	29	31.3	0.017375	31	0.034	0.22197	1.0	1.1	0.50350125	8.0	1.0
2014-03-15	23.86087	42	45.5	0.02225	49	0.053	0.2575755	1.0	1.0	0.5868115	9.0	1.3
2014-03-16	25.717391	47	50.5	0.027667	67	0.06	0.181061	0.0	0.8	0.5973772500000001	13.0	1.1
2014-03-17	24.83913	42	45.2	0.022792	35	0.038	0.5954545	1.0	1.7	0.5845309999999999	11.0	1.4
2014-03-18	15.913636	28	30.4	0.02725	36	0.039	0.0414285	0.0	0.2	0.30311625	5.0	0.5
2014-03-19	25.991304	40	42.6	0.020417	37	0.04	0.1692545	0.0	0.8	0.51778625	9.0	1.1
2014-03-20	22.63913	40	42.3	0.025	38	0.041	0.195238	0.0	0.8	0.5563899999999999	10.0	1.4
2014-03-21	13.017391	23	24.5	0.031917	38	0.041	0.0	0.0	0.6	0.31157275	6.0	0.6
2014-03-22	9.918182	20	21.4	0.032708	41	0.044	0.0	0.0	0.0	0.29168175	6.0	0.6
2014-03-23	12.540909	25	26.0	0.030167	43	0.046	0.0	0.0	0.0	0.4058825	8.0	0.8
2014-03-24	12.663636	22	23.0	0.033208	39	0.042	0.0	0.0	0.0	0.334845	6.0	0.6
2014-03-25	13.936364	27	29.6	0.031833	38	0.041	0.0	0.0	0.1	0.35524225	6.0	0.5
2014-03-26	7.143478	17	18.2	0.029875	36	0.039	0.0	0.0	0.0	0.248916	3.0	0.4
2014-03-27	17.408696	33	35.2	0.021625	35	0.038	0.0272725	0.0	0.4	0.3689035	7.0	0.9
2014-03-28	16.586957	29	31.2	0.024333	37	0.04	0.0923809999999999	0.0	0.4	0.35390875	6.0	0.9
2014-03-29	18.426087	28	30.2	0.023208	41	0.044	0.2113635	1.0	1.0	0.49769525	9.0	0.9
2014-03-30	9.056522	19	20.2	0.029042	44	0.047	0.0	0.0	0.0	0.26342725	5.0	0.5
2014-03-31	11.226087	24	25.1	0.031375	36	0.039	0.0454545	0.0	0.3	0.284336	5.0	0.5
2014-04-01	7.759091	26	28.7	0.036208	41	0.044	0.2015155	6.0	4.0	0.24825375	3.0	0.5
2014-04-02	11.613636	29	31.6	0.025417	38	0.041	0.0045455	0.0	0.2	0.2932272499999999	6.0	0.7
2014-04-03	17.813636	32	34.5	0.022167	38	0.041	0.093939	0.0	0.4	0.42600775	7.0	0.8
2014-04-04	17.986957	27	29.8	0.024292	38	0.041	0.102381	0.0	0.4	0.3930065	7.0	0.7
2014-04-05	13.521739	29	31.1	0.02425	38	0.041	0.0742425	0.0	0.2	0.33303325	6.0	0.7
2014-04-06	21.308696	41	43.7	0.022292	45	0.049	0.221212	1.0	1.3	0.5022045	8.0	0.9
2014-04-07	31.240909	48	51.6	0.023333	43	0.046	0.371212	1.0	1.5	0.6271175	9.0	1.2
2014-04-08	35.286364	51	54.2	0.023083	48	0.052	0.4484845	0.0	0.7	0.6360205	10.0	1.0
2014-04-09	33.252174	45	48.2	0.022	45	0.049	0.4863635	1.0	1.5	0.6071380000000001	10.0	1.1
2014-04-10	39.077273	72	74.2	0.017542	33	0.036	0.6642855	1.0	1.9	0.7989172499999999	14.0	1.7
2014-04-11	18.46875	42	45.6	0.031385	36	0.039	0.4175	1.0	1.4	0.4460175	8.0	1.0
2014-04-12	7.608696	10	11.9	0.035417	38	0.041	0.3	6.0	4.1	0.22740925	5.0	0.4
2014-04-13	8.272727	22	23.2	0.031458	40	0.043	0.1204545	1.0	1.0	0.2540795	5.0	0.6
2014-04-14	24.222727	45	48.1	0.02275	44	0.048	0.231818	1.0	1.0	0.50101125	8.0	1.0
2014-04-15	21.144444	34	36.1	0.023867	39	0.042	0.1325755	0.0	0.4	0.49644175	9.0	0.9
2014-04-16	16.69375	23	24.9	0.031	39	0.042	0.082381	0.0	0.7	0.3161805	5.0	0.5
2014-04-17	13.718182	19	20.1	0.033875	35	0.038	0.135606	0.0	0.7	0.28608725	5.0	0.4
2014-04-18	11.795238	27	29.5	0.02815	38	0.041	0.009091	0.0	0.5	0.261856	5.0	0.6
2014-04-19	15.681818	32	34.9	0.028333	42	0.045	0.1484845	0.0	0.6	0.3908825	7.0	0.7
2014-04-20	13.090909	24	25.0	0.030875	47	0.051	0.3234845	6.0	4.1	0.34075	6.0	0.6
2014-04-21	19.245	29	31.4	0.029714	42	0.045	0.131061	0.0	0.7	0.420216	7.0	0.647
2014-04-22	14.877273	35	37.5	0.028792	39	0.042	0.010606	0.0	0.3	0.27211725	5.0	0.6
2014-04-23	17.442857	32	34.7	0.030048	43	0.046	0.1227275	0.0	0.4	0.32107375	6.0	0.7
2014-04-24	24.009091	38	40.3	0.031	49	0.053	0.3166664999999999	0.0	0.7	0.43962875	8.0	1.0
2014-04-25	11.454545	24	25.3	0.035042	39	0.042	0.0174245	0.0	0.2	0.24195825	5.0	0.4
2014-04-26	9.077273	25	26.1	0.03275	40	0.043	0.0	0.0	0.0	0.19775375	3.0	0.4
2014-04-27	10.172727	26	28.0	0.028583	41	0.044	0.0242425	0.0	0.2	0.24603	5.0	0.5
2014-04-28	26.968182	50	53.5	0.020083	38	0.041	0.2333335	0.0	0.6	0.3875605	7.0	0.9
2014-04-29	36.163636	62	64.6	0.025833	64	0.059	0.270476	0.0	0.9	0.6139432499999999	11.0	1.3
2014-04-30	41.504545	74	76.9	0.02725	74	0.062	0.4015155	1.0	1.1	0.612125	9.0	1.115
2014-05-01	33.863636	61	63.1	0.028417	67	0.06	0.2977275	1.0	1.1	0.538303	9.0	1.1
2014-05-02	39.190909	81	82.1	0.034708	100	0.07	0.544697	1.0	1.2	0.601625	10.0	1.2
2014-05-03	27.986364	48	51.8	0.037292	105	0.072	0.6590910000000001	3.0	2.0	0.4555305	8.0	0.8
2014-05-04	15.95	29	31.5	0.033167	47	0.051	0.4	1.0	1.1	0.28113275	5.0	0.6
2014-05-05	10.990909	19	20.4	0.032	36	0.039	0.0742425	0.0	0.2	0.21085975	5.0	0.4
2014-05-06	11.854545	20	21.9	0.027958	34	0.037	0.043939	0.0	0.4	0.18952625	3.0	0.3
2014-05-07	12.4	23	24.0	0.027375	34	0.037	0.0802085	0.0	0.3	0.2456565	3.0	0.4
2014-05-08	14.894444	25	27.2	0.027067	42	0.045	0.0416665	0.0	0.3	0.28843325	5.0	0.5
2014-05-09	18.153333	34	36.4	0.0195	30	0.032	0.157619	0.0	0.8	0.397125	7.0	0.8
2014-05-10	12.359091	28	30.2	0.030167	40	0.043	0.118182	0.0	0.3	0.27345075	5.0	0.5
2014-05-11	18.092857	38	40.1	0.016818	31	0.033	0.0166665	0.0	0.1	0.3321349999999999	6.0	0.8
2014-05-12	25.238534	56.0	59.0	0.022003	80.0	0.064	0.08333325	0.0	0.3	0.40224799999999994	7.0	0.9
2014-05-13	32.384211	56	59.0	0.027188	80	0.064	0.15	0.0	0.3	0.472361	7.0	0.9
2014-05-14	43.242857	60	62.0	0.016091	38	0.041	0.221212	0.0	0.8	0.60062675	9.0	1.0
2014-05-15	34.014286	50	53.9	0.024091	43	0.046	0.1575755	0.0	0.4	0.5573105	9.0	1.0
2014-05-16	28.794444	48	51.2	0.039733	101	0.071	0.6710525	1.0	1.8	0.57248425	10.0	1.3
2014-05-17	19.618182	42	44.5	0.03475	54	0.056	0.581818	1.0	1.5	0.48509075	9.0	1.0
2014-05-18	7.263636	9	10.0	0.034333	44	0.047	0.1757575	0.0	0.7	0.26273875	6.0	0.5
2014-05-19	10.077273	17	18.8	0.030833	38	0.041	0.106818	0.0	0.5	0.26770075	6.0	0.5
2014-05-20	8.231818	14	15.1	0.025792	31	0.033	0.0825755	0.0	0.3	0.25273125	5.0	0.5
2014-05-21	13.364706	20	21.8	0.0257	31	0.034	0.11	0.0	0.3	0.285633	5.0	0.5
2014-05-22	15.018182	23	24.6	0.0245	27	0.029	0.1605265	1.0	1.1	0.3095624999999999	6.0	0.6
2014-05-23	11.5	18	19.7	0.0265	31	0.033	0.074762	1.0	1.0	0.2783035	5.0	0.5
2014-05-24	11.318182	23	24.2	0.029	31	0.034	0.0507575	0.0	0.7	0.30014225	6.0	0.7
2014-05-25	6.233333	8	9.2	0.033524	41	0.044	0.0204545	0.0	0.7	0.29318175	5.0	0.4
2014-05-26	9.157143	12	13.6	0.036762	51	0.055	0.0833335	0.0	0.5	0.3793650000000001	6.0	0.6
2014-05-27	13.113333	17	18.1	0.0311	39	0.042	0.1022724999999999	0.0	0.4	0.4783334999999999	6.0	0.6
2014-05-28	15.704762	22	23.6	0.03119	40	0.043	0.0384615	0.0	0.7	0.492857	6.0	0.6
2014-05-29	14.389474	20	21.1	0.027	34	0.037	0.414706	6.0	4.3	0.422682	6.0	0.5
2014-05-30	23.109524	45	48.8	0.028476	43	0.046	0.1458335	0.0	0.7	0.35406375	9.0	1.0
2014-05-31	21.07619	35	37.6	0.031286	47	0.051	0.321739	1.0	1.0	0.438661	8.0	0.8
2014-06-01	12.838095	20	21.7	0.03481	48	0.052	0.3086955	0.0	0.8	0.382612	6.0	0.6
2014-06-02	16.766667	25	26.2	0.026095	35	0.038	0.192857	0.0	0.7	0.41575475	7.0	0.6
2014-06-03	22.561905	37	39.2	0.028619	43	0.046	0.235404	0.0	0.6	0.5221255	8.0	0.8
2014-06-04	17.83	30	32.1	0.028368	40	0.043	0.193789	1.0	1.2	0.46872075	7.0	0.727
2014-06-05	19.57619	27	29.3	0.027238	39	0.042	0.21677	1.0	1.2	0.481536	7.0	0.632
2014-06-06	14.328571	23	24.0	0.026762	32	0.035	0.0605265	1.0	1.2	0.41234475	6.0	0.521
2014-06-07	12.95	16	17.3	0.030444	36	0.039	0.0125	1.0	1.0	0.419504	6.0	0.5
2014-06-08	9.971429	14	15.7	0.036762	49	0.053	0.0	0.0	0.1	0.46224875	7.0	0.6
2014-06-09	17.647619	26	28.3	0.031476	44	0.048	0.007143	0.0	0.4	0.51418	7.0	0.707
2014-06-10	12.323529	20	21.0	0.030636	36	0.039	0.0569444999999999	0.0	0.3	0.4165507499999999	6.0	0.9
2014-06-11	11.695238	19	20.4	0.033667	41	0.044	0.0	0.0	0.1	0.38192275	6.0	0.5
2014-06-12	11.757143	22	23.7	0.032333	40	0.043	0.028571	1.0	1.2	0.40209525	6.0	0.6
2014-06-13	13.036842	21	22.3	0.034059	40	0.043	0.027778	1.0	1.1	0.3979405	6.0	0.6
2014-06-14	11.271429	13	14.4	0.036	48	0.052	0.0857145	1.0	1.4	0.42415725	6.0	0.6
2014-06-15	6.328571	10	11.2	0.04081	47	0.051	0.0670805	1.0	1.0	0.358941	5.0	0.4
2014-06-16	10.057143	13	14.9	0.030714	34	0.037	0.0785715	0.0	0.9	0.372793	5.0	0.416
2014-06-17	12.652632	24	25.8	0.028059	36	0.039	0.0813665	0.0	0.4	0.417432	6.0	0.7
2014-06-18	14.222727	20	21.9	0.026667	35	0.038	0.1098485	0.0	0.9	0.42377075	7.0	1.5
2014-06-19	14.42381	20	21.6	0.029	41	0.044	0.046111	0.0	0.9	0.4850695	8.0	0.7
2014-06-20	23.090476	47	50.3	0.026714	44	0.047	0.3718749999999999	6.0	4.0	0.6020617500000001	9.0	1.015
2014-06-21	13.838095	27	29.0	0.031238	46	0.05	0.2223605	1.0	1.0	0.4826475	7.0	0.709
2014-06-22	7.238095	8	9.7	0.037143	46	0.05	0.0913045	0.0	0.4	0.3968695	5.0	0.417
2014-06-23	11.009524	15	16.4	0.034524	42	0.045	0.0158385	0.0	0.2	0.39571225	5.0	0.5
2014-06-24	13.604762	23	24.7	0.031524	44	0.047	0.03474	0.0	0.3	0.42981375	6.0	0.6
2014-06-25	14.994444	25	26.4	0.035846	44	0.047	0.071212	0.0	0.6	0.3518055	5.0	0.505
2014-06-26	13.680952	23	24.1	0.028619	41	0.044	0.0360245	0.0	0.4	0.28906825	6.0	0.5
2014-06-27	12.366667	17	18.6	0.027571	36	0.039	0.119697	0.0	0.5	0.25000825	5.0	0.5
2014-06-28	11.657143	20	21.3	0.032667	44	0.048	0.096584	1.0	1.0	0.28608	5.0	0.4
2014-06-29	8.114286	10	11.8	0.035762	48	0.052	0.053416	0.0	0.9	0.2528985	5.0	0.4
2014-06-30	13.280952	20	21.9	0.028	37	0.04	0.0670805	0.0	0.9	0.27326025	6.0	0.5
2014-07-01	12.614286	24	25.8	0.033571	41	0.044	0.0186335	0.0	0.5	0.285463	6.0	0.5
2014-07-02	14.719048	25	26.1	0.032857	45	0.049	0.0692545	0.0	0.9	0.3216185	6.0	0.6
2014-07-03	19.619048	35	37.6	0.035095	74	0.062	0.2114285	0.0	0.9	0.39909	7.0	0.8
2014-07-04	14.3	27	29.6	0.034476	74	0.062	0.928882	6.0	4.1	0.376978	6.0	0.6
2014-07-05	12.409524	24	25.9	0.028714	43	0.046	0.6506215	3.0	2.3	0.3403859999999999	7.0	0.6
2014-07-06	8.538095	13	14.3	0.023952	31	0.034	0.5381985	4.0	3.1	0.2924577499999999	6.0	0.7
2014-07-07	15.428571	21	22.4	0.025762	36	0.039	0.4878885	1.0	1.4	0.3239762499999999	6.0	0.7
2014-07-08	13.97619	21	22.4	0.02919	43	0.046	0.267702	0.0	0.9	0.3145645	6.0	0.5
2014-07-09	12.785714	22	23.1	0.031524	45	0.049	0.092236	0.0	0.5	0.27944125	6.0	0.5
2014-07-10	12.428571	20	21.0	0.028714	41	0.044	0.1080744999999999	0.0	0.6	0.26072	5.0	0.5
2014-07-11	11.180952	19	20.1	0.024381	32	0.035	0.158385	0.0	0.7	0.24913425	5.0	0.5
2014-07-12	12.671429	22	23.5	0.027286	38	0.041	0.264907	0.0	0.8	0.28648275	5.0	0.6
2014-07-13	12.285714	23	24.1	0.030095	44	0.047	0.3878884999999999	1.0	1.2	0.33163175	7.0	0.7
2014-07-14	17.357143	23	24.9	0.017619	23	0.025	0.328882	0.0	0.7	0.312144	6.0	0.6
2014-07-15	13.019048	22	23.6	0.021857	30	0.032	0.3254655	1.0	1.6	0.27078775	5.0	0.5
2014-07-16	9.795	15	16.6	0.025588	31	0.033	0.090683	0.0	0.5	0.2394147499999999	3.0	0.4
2014-07-17	7.857143	11	12.4	0.022476	28	0.03	0.067702	0.0	0.4	0.2008805	3.0	0.3
2014-07-18	10.890476	18	19.0	0.020095	29	0.031	0.1818179999999999	0.0	0.7	0.23636425	5.0	0.5
2014-07-19	9.714286	14	15.9	0.01781	21	0.023	0.174845	0.0	0.8	0.2401049999999999	5.0	0.4
2014-07-20	5.666667	8	8.6	0.025714	35	0.038	0.0180125	0.0	0.2	0.2099895	3.0	0.4
2014-07-21	11.438095	19	20.3	0.02119	30	0.032	0.2670805	1.0	1.1	0.24930325	5.0	0.5
2014-07-22	16.680952	26	28.9	0.019048	31	0.034	0.4338505	1.0	1.4	0.307586	6.0	0.5
2014-07-23	21.804762	39	41.0	0.019238	35	0.038	0.596584	1.0	1.3	0.407391	8.0	0.9
2014-07-24	23.83	47	50.5	0.025952	47	0.051	0.728261	1.0	1.4	0.47589525	10.0	1.1
2014-07-25	17.142857	21	22.7	0.027667	44	0.047	0.311905	0.0	0.6	0.29965475	5.0	0.5
2014-07-26	16.080952	25	26.5	0.027905	42	0.045	0.525155	6.0	4.1	0.39014325	7.0	0.7
2014-07-27	12.209524	15	16.5	0.027857	40	0.043	0.2431674999999999	1.0	1.0	0.30583575	5.0	0.5
2014-07-28	16.07619	26	28.1	0.026619	41	0.044	0.2621115	1.0	1.3	0.311944	6.0	0.6
2014-07-29	23.2	36	38.9	0.022	37	0.04	0.428882	1.0	1.5	0.41297225	8.0	0.8
2014-07-30	22.67619	32	34.0	0.027143	47	0.051	0.5894410000000001	1.0	1.5	0.4270705	8.0	0.8
2014-07-31	19.147619	25	26.5	0.025095	40	0.043	0.393939	1.0	1.6	0.3804535	7.0	0.7
2014-08-01	18.309524	27	29.4	0.028571	43	0.046	0.25559	1.0	1.1	0.3597852499999999	6.0	0.6
2014-08-02	18.114286	29	31.9	0.026714	44	0.048	0.1484475	1.0	1.1	0.3987705	7.0	0.7
2014-08-03	17.085714	25	27.9	0.023429	33	0.036	0.1900625	0.0	0.8	0.46173125	9.0	0.9
2014-08-04	15.142857	24	25.5	0.029238	41	0.044	0.153416	1.0	1.0	0.3006817499999999	6.0	0.6
2014-08-05	14.709524	29	31.4	0.02581	37	0.04	0.1453415	1.0	1.0	0.28254425	6.0	0.6
2014-08-06	12.516667	21	22.9	0.025615	31	0.034	0.092236	0.0	0.7	0.25242625	5.0	0.6
2014-08-07	12.880952	20	21.2	0.026762	34	0.037	0.0857145	0.0	0.7	0.2486435	5.0	0.5
2014-08-08	13.0	24	25.9	0.0332	47	0.051	0.0416665	0.0	0.5	0.30211725	6.0	0.6
2014-08-09	10.738095	18	19.7	0.039476	54	0.056	0.062733	0.0	0.5	0.318119	6.0	0.6
2014-08-10	10.090476	15	16.0	0.04081	71	0.061	0.046894	0.0	0.6	0.34511225	6.0	0.5
2014-08-11	16.27619	39	41.0	0.024571	33	0.036	0.2015525	0.0	0.9	0.34523725	7.0	0.8
2014-08-12	13.033333	24	25.1	0.026429	36	0.039	0.336646	1.0	1.6	0.28775075	6.0	0.5
2014-08-13	11.690909	18	19.3	0.0235	33	0.036	0.046894	0.0	0.5	0.2595125	5.0	0.5
2014-08-14	16.834783	25	26.7	0.025042	39	0.042	0.2158385	0.0	0.8	0.3488152499999999	6.0	0.6
2014-08-15	20.031818	41	43.2	0.021708	40	0.043	0.3360245	6.0	4.0	0.44094975	9.0	0.9
2014-08-16	21.395652	30	32.1	0.021167	42	0.045	0.4074535	1.0	1.2	0.4350745	9.0	0.9
2014-08-17	15.922727	28	30.0	0.030792	58	0.057	0.5059005	1.0	1.4	0.41030625	8.0	0.9
2014-08-18	21.0	38	40.5	0.028542	47	0.051	0.5813665	1.0	1.8	0.415107	8.0	0.8
2014-08-19	10.504545	14	15.4	0.029417	37	0.04	0.0475155	0.0	0.3	0.2286355	5.0	0.4
2014-08-20	10.668182	14	15.6	0.030917	38	0.041	0.068323	0.0	0.4	0.2374385	5.0	0.4
2014-08-21	12.328571	17	18.3	0.025952	31	0.034	0.078788	0.0	0.5	0.2659209999999999	5.0	0.5
2014-08-22	13.195455	21	22.3	0.028042	38	0.041	0.1819875	0.0	0.7	0.327438	6.0	0.5
2014-08-23	9.85	15	16.5	0.030583	44	0.048	0.1409935	0.0	0.9	0.27484925	5.0	0.4
2014-08-24	7.777273	11	12.6	0.0325	51	0.055	0.092857	0.0	0.6	0.2386617499999999	5.0	0.4
2014-08-25	17.186364	32	34.4	0.02575	34	0.037	0.374845	1.0	1.1	0.3664935	7.0	0.8
2014-08-26	20.805	35	37.7	0.026381	42	0.045	0.25	0.0	0.9	0.41104275	8.0	0.7
2014-08-27	23.290476	34	36.3	0.035857	61	0.058	0.3933335	7.0	5.3	0.536138	10.0	1.2
2014-08-28	26.957143	47	50.1	0.036381	48	0.052	0.1957895	0.0	0.5	0.4709205	9.0	1.0
2014-08-29	27.952381	50	53.1	0.033714	51	0.055	0.6453415	1.0	1.6	0.4732309999999999	9.0	0.9
2014-08-30	18.166667	26	28.0	0.040571	108	0.073	0.4	1.0	1.0	0.45681525	8.0	0.8
2014-08-31	11.066667	31	33.6	0.041	77	0.063	0.2	0.0	0.8	0.29715075	8.0	0.9
2014-09-01	8.804762	16	17.9	0.04619	97	0.069	0.2223605	0.0	0.7	0.26662675	5.0	0.4
2014-09-02	12.919048	25	27.9	0.035905	45	0.049	0.085093	0.0	0.6	0.28563125	5.0	0.5
2014-09-03	13.638095	23	24.6	0.035571	44	0.048	0.062733	0.0	0.8	0.29032325	6.0	0.6
2014-09-04	13.514286	22	23.2	0.034952	44	0.047	0.05303	0.0	0.5	0.27253975	5.0	0.5
2014-09-05	14.933333	25	26.0	0.038333	61	0.058	0.0447204999999999	0.0	0.6	0.325099	6.0	0.7
2014-09-06	16.804762	24	25.2	0.039619	90	0.067	0.4015525	6.0	4.4	0.41695825	7.0	0.8
2014-09-07	18.866667	32	34.3	0.040238	87	0.066	0.3102485	1.0	1.3	0.4838315	9.0	0.9
2014-09-08	21.133333	29	31.0	0.026524	37	0.04	0.2111799999999999	1.0	1.6	0.3632465	6.0	0.8
2014-09-09	19.42381	32	34.2	0.026619	35	0.038	0.303106	0.0	0.9	0.4291352499999999	9.0	1.1
2014-09-10	25.095238	46	49.8	0.027286	43	0.046	0.3621115	1.0	1.3	0.4571125	9.0	0.9
2014-09-11	28.968182	43	46.9	0.026375	50	0.054	0.41118	1.0	1.6	0.52301175	10.0	1.0
2014-09-12	29.504545	51	54.8	0.026958	51	0.055	0.4413045	1.0	1.2	0.601382	11.0	1.2
2014-09-13	27.347826	42	45.5	0.032	93	0.068	0.360559	0.0	0.7	0.60305975	10.0	1.1
2014-09-14	26.404348	43	46.3	0.036458	119	0.076	0.412422	1.0	1.2	0.595819	10.0	1.1
2014-09-15	34.343478	65	67.3	0.025083	58	0.057	0.564907	1.0	1.3	0.62090025	11.0	1.3
2014-09-16	30.15	41	43.0	0.030708	105	0.072	0.63323	1.0	1.0	0.509512	8.0	1.0
2014-09-17	27.265217	49	52.3	0.024333	44	0.048	0.5348485000000001	1.0	1.6	0.5736065	13.0	1.5
2014-09-18	13.417391	22	23.2	0.018958	27	0.029	0.1785715	0.0	0.6	0.2235852499999999	5.0	0.5
2014-09-19	13.313636	23	24.4	0.022958	32	0.035	0.156211	0.0	0.6	0.227783	3.0	0.5
2014-09-20	12.727273	24	25.6	0.026	35	0.038	0.0447204999999999	0.0	0.4	0.24900825	5.0	0.5
2014-09-21	11.245455	20	21.5	0.027292	44	0.047	0.002174	0.0	0.1	0.272607	6.0	0.5
2014-09-22	19.718182	36	38.0	0.023083	42	0.045	0.3590065	6.0	4.2	0.41893075	8.0	0.9
2014-09-23	24.177273	39	41.3	0.025	48	0.052	0.2059005	0.0	0.9	0.5299825	9.0	1.0
2014-09-24	24.928571	34	36.6	0.01725	37	0.04	0.3670805	0.0	0.8	0.5850765	10.0	1.2
2014-09-25	25.777273	60	62.4	0.019042	36	0.039	0.546894	1.0	1.5	0.54472625	11.0	1.3
2014-09-26	14.404762	25	26.2	0.027727	38	0.041	0.25	1.0	1.2	0.3274972499999999	7.0	0.8
2014-09-27	11.228571	24	25.3	0.033143	45	0.049	0.095652	0.0	0.8	0.245082	5.0	0.5
2014-09-28	7.528571	14	15.3	0.037524	46	0.05	0.029503	0.0	0.3	0.210403	5.0	0.5
2014-09-29	18.752381	34	36.1	0.027905	44	0.047	0.126708	0.0	0.4	0.3641945	7.0	0.7
2014-09-30	24.485714	39	41.2	0.035238	67	0.06	0.4037265	1.0	1.0	0.5427694999999999	10.0	1.3
2014-10-01	22.513636	34	36.8	0.025708	44	0.048	0.165528	0.0	0.5	0.405726	7.0	0.8
2014-10-02	32.030435	49	52.7	0.027875	58	0.057	0.3007575	0.0	0.9	0.60770775	10.0	1.3
2014-10-03	39.413043	65	67.4	0.028583	74	0.062	0.560559	6.0	4.5	0.6698025000000001	11.0	1.3
2014-10-04	33.413043	49	52.8	0.036208	100	0.07	0.462733	0.0	0.8	0.6805905000000001	13.0	1.2
2014-10-05	26.152174	45	48.4	0.049375	172	0.094	0.5577639999999999	1.0	1.7	0.627326	11.0	1.2
2014-10-06	33.708696	51	54.2	0.0355	100	0.07	0.492236	1.0	1.1	0.6669565	11.0	1.3
2014-10-07	35.845455	53	56.8	0.034208	90	0.067	0.5714285	1.0	1.4	0.76549025	15.0	1.5
2014-10-08	30.613043	48	51.1	0.031417	50	0.054	0.4151515	1.0	1.1	0.6705047500000001	13.0	1.5
2014-10-09	15.013636	19	20.5	0.031625	42	0.045	0.1065215	0.0	0.4	0.3319985	7.0	0.6
2014-10-10	16.538095	23	24.4	0.034619	51	0.055	0.0360245	0.0	0.2	0.44686075	7.0	0.7
2014-10-11	16.754545	23	24.4	0.030708	58	0.057	0.068323	0.0	0.7	0.4977815	8.0	0.8
2014-10-12	14.022727	19	20.9	0.035958	87	0.066	0.102174	0.0	0.9	0.482826	9.0	0.9
2014-10-13	21.390909	38	40.5	0.032833	51	0.055	0.2180125	1.0	1.3	0.550753	11.0	1.1
2014-10-14	13.77619	25	27.5	0.030143	36	0.039	0.063354	0.0	0.4	0.37246225	7.0	0.7
2014-10-15	12.245455	25	27.4	0.025125	36	0.039	0.0180125	0.0	0.1	0.30476675	6.0	0.7
2014-10-16	17.759091	27	29.2	0.022042	37	0.04	0.137578	0.0	0.6	0.4735385	9.0	1.2
2014-10-17	19.4	30	32.5	0.026875	44	0.047	0.164907	0.0	0.7	0.50379175	9.0	1.1
2014-10-18	17.730435	30	32.1	0.030292	54	0.056	0.15559	0.0	0.8	0.45515225	8.0	1.0
2014-10-19	13.795652	26	28.8	0.032958	51	0.055	0.1245344999999999	0.0	0.5	0.4965945	10.0	1.0
2014-10-20	20.747826	30	32.7	0.024167	41	0.044	0.0807455	0.0	0.4	0.45842225	9.0	1.0
2014-10-21	19.454545	29	31.5	0.023958	41	0.044	0.0894409999999999	0.0	0.8	0.4534355	8.0	0.9
2014-10-22	30.278261	40	42.2	0.02775	58	0.057	0.330435	0.0	0.8	0.7254109999999999	11.0	1.3
2014-10-23	47.152174	67	69.4	0.02925	93	0.068	0.4772725	0.0	0.9	0.99677375	16.0	1.8
2014-10-24	44.478261	61	63.1	0.031542	50	0.054	0.7130434999999999	3.0	2.2	0.966989	18.0	1.6
2014-10-25	23.486957	42	44.9	0.024542	44	0.047	0.226708	1.0	1.2	0.5868024999999999	11.0	1.2
2014-10-26	18.1	37	39.8	0.024708	44	0.047	0.195031	0.0	0.5	0.52376975	11.0	1.0
2014-10-27	23.186957	36	38.0	0.02575	44	0.048	0.1692545	0.0	0.5	0.54552725	11.0	1.1
2014-10-28	30.904545	40	42.1	0.022333	44	0.047	0.260559	0.0	0.8	0.6726157500000001	11.0	1.2
2014-10-29	34.481818	45	48.8	0.0265	54	0.056	0.3173915	0.0	0.8	0.752581	15.0	1.5
2014-10-30	26.547619	42	45.0	0.029095	41	0.044	0.312422	0.0	0.8	0.63457575	13.0	1.3
2014-10-31	21.5	28	30.9	0.025292	30	0.032	0.115909	0.0	0.4	0.497644	10.0	1.1
2014-11-01	12.427273	26	28.3	0.029292	44	0.047	0.0	0.0	0.0	0.3367782499999999	7.0	0.8
2014-11-02	17.372727	33	35.7	0.023375	44	0.047	0.06118	0.0	0.2	0.485947	9.0	0.9
2014-11-03	30.040909	42	45.1	0.016417	32	0.035	0.295031	0.0	0.6	0.6720305	13.0	1.4
2014-11-04	35.74	50	53.5	0.01735	31	0.034	0.470238	0.0	0.9	0.8061915000000001	14.0	1.6
2014-11-05	40.580952	58	61.3	0.018143	33	0.036	0.662733	1.0	1.3	0.896084	15.0	1.6
2014-11-06	38.290476	55	58.7	0.018524	32	0.035	0.551242	1.0	1.1	0.82944225	16.0	1.8
2014-11-07	41.347059	50	53.7	0.018583	36	0.039	0.627381	1.0	1.3	0.85679225	15.0	1.8
2014-11-08	42.17619	54	57.0	0.021	39	0.042	0.56118	0.0	0.9	0.91268425	16.0	1.9
2014-11-09	25.647619	45	48.3	0.032286	44	0.047	0.389441	1.0	1.1	0.904103	20.0	1.9
2014-11-10	17.028571	27	29.1	0.031857	39	0.042	0.0447204999999999	0.0	0.4	0.37429	7.0	0.7
2014-11-11	15.609524	32	34.0	0.033238	36	0.039	0.0223605	0.0	0.1	0.33181175	7.0	0.7
2014-11-12	13.78	24	25.4	0.02625	29	0.031	0.0245345	0.0	0.2	0.32117925	6.0	0.7
2014-11-13	27.361538	32	34.6	0.015714	19	0.021	0.42197	6.0	4.4	0.5080629999999999	7.0	1.0
2014-11-14	23.952381	34	36.0	0.018476	29	0.031	0.3194445	1.0	1.0	0.56034325	9.0	1.0
2014-11-15	17.52381	28	30.4	0.023476	39	0.042	0.1900625	0.0	0.6	0.55275125	11.0	1.2
2014-11-16	22.047619	42	44.2	0.023762	41	0.044	0.3173915	0.0	0.7	0.5656965	10.0	1.0
2014-11-17	34.766667	49	52.3	0.018667	33	0.036	0.6108695	1.0	1.9	0.68367575	13.0	1.4
2014-11-18	38.1	47	50.0	0.015143	27	0.029	1.466667	4.0	3.0	0.92598575	15.0	1.8
2014-11-19	31.74	42	44.8	0.022941	33	0.036	0.537879	3.0	2.6	0.81101025	18.0	1.7
2014-11-20	25.642857	35	37.2	0.021143	31	0.033	0.117949	0.0	0.6	0.6747052499999999	13.0	1.2
2014-11-21	24.114286	39	41.5	0.019238	32	0.035	0.1496895	0.0	0.6	0.54254975	11.0	1.4
2014-11-22	25.309524	32	34.7	0.020714	34	0.037	0.2562109999999999	0.0	0.9	0.6778465	14.0	1.3
2014-11-23	26.319048	42	45.3	0.018952	32	0.035	0.154037	0.0	0.4	0.68125525	14.0	1.6
2014-11-24	36.152381	51	54.4	0.015762	28	0.03	0.4503105	1.0	1.2	0.70948325	15.0	1.7
2014-11-25	33.866667	45	48.4	0.018667	34	0.037	0.439394	1.0	1.0	0.773461	16.0	1.6
2014-11-26	46.152381	58	61.4	0.012524	21	0.023	0.6900625	1.0	1.5	1.0648735	19.0	2.2
2014-11-27	29.928571	45	48.6	0.021905	40	0.043	0.3425465	0.0	0.8	0.7534735	19.0	1.7
2014-11-28	37.119048	48	51.7	0.018571	34	0.037	0.579193	1.0	1.4	0.8708847500000001	16.0	1.5
2014-11-29	23.357143	38	40.0	0.034667	50	0.054	0.3555899999999999	0.0	0.8	0.79119625	17.0	1.6
2014-11-30	10.390476	15	16.5	0.025333	28	0.03	0.1819875	6.0	4.1	0.289136	6.0	0.5
2014-12-01	21.733333	35	37.0	0.010571	16	0.017	0.1065215	0.0	0.4	0.6114200000000001	15.0	1.6
2014-12-02	21.080952	30	32.7	0.01581	20	0.022	0.3596275	4.0	3.9	0.4604972499999999	15.0	1.3
2014-12-03	21.17619	25	27.2	0.009	11	0.012	0.0	0.0	0.0	0.417698	8.0	0.8
2014-12-04	17.41	23	24.0	0.018333	27	0.029	0.030303	0.0	0.3	0.5241224999999999	9.0	1.1
2014-12-05	23.444444	32	34.4	0.010538	16	0.017	0.0475155	0.0	0.3	0.67346	10.0	1.2
2014-12-06	19.652381	25	26.7	0.01581	27	0.029	0.1059005	0.0	0.6	0.7700635	14.0	1.5
2014-12-07	20.414286	33	35.3	0.018667	30	0.032	0.2201865	6.0	4.1	0.5940165	13.0	1.3
2014-12-08	29.17619	37	39.9	0.014762	25	0.027	0.4618015	3.0	2.7	0.6650745	13.0	1.5
2014-12-09	33.885714	38	40.7	0.012667	22	0.024	0.3	0.0	0.6	0.79847425	14.0	1.7
2014-12-10	40.333333	50	53.6	0.008238	12	0.013	0.475	1.0	1.1	1.052969	16.0	1.9
2014-12-11	21.204762	33	35.1	0.024857	31	0.034	0.0389475	0.0	0.2	0.48625975	13.0	1.1
2014-12-12	17.82381	32	34.8	0.029667	37	0.04	0.0	0.0	0.0	0.3403302499999999	8.0	1.1
2014-12-13	19.690476	30	32.3	0.019095	33	0.036	0.060559	0.0	0.2	0.626236	11.0	1.2
2014-12-14	20.814286	33	35.9	0.020333	35	0.038	0.2813664999999999	6.0	4.3	0.6462654999999999	13.0	1.3
2014-12-15	32.542857	42	44.9	0.014143	23	0.025	0.2086955	0.0	0.6	0.7370812499999999	13.0	1.2
2014-12-16	32.404762	34	36.7	0.01019	14	0.015	0.0348485	0.0	0.2	0.55680425	9.0	0.8
2014-12-17	22.114286	35	37.4	0.020381	32	0.035	0.0333335	0.0	0.4	0.47723525	10.0	1.2
2014-12-18	29.533333	36	38.5	0.011905	19	0.02	0.2102485	0.0	0.4	0.7458275000000001	13.0	1.6
2014-12-19	26.6	33	35.1	0.014143	23	0.025	0.141667	0.0	0.5	0.785705	15.0	1.5
2014-12-20	28.980952	37	39.1	0.010619	16	0.017	0.1245344999999999	0.0	0.3	0.75450375	11.0	1.1
2014-12-21	26.385714	37	39.7	0.01181	20	0.022	0.3065215	0.0	0.6	0.89224275	15.0	1.6
2014-12-22	39.433333	50	53.2	0.009	14	0.015	0.579193	1.0	1.2	1.24940925	18.0	2.1
2014-12-23	38.804762	48	51.5	0.010952	18	0.019	0.6496895	1.0	1.3	1.21038625	20.0	1.9
2014-12-24	26.780952	34	36.1	0.017238	28	0.03	0.2173915	0.0	0.6	0.6331672500000001	17.0	1.5
2014-12-25	5.938095	28	30.5	0.040905	43	0.046	0.004348	0.0	0.1	0.30406075	10.0	0.9
2014-12-26	26.309524	41	43.5	0.017667	30	0.032	0.329503	0.0	0.8	0.54427225	10.0	1.3
2014-12-27	25.685714	37	39.4	0.019	35	0.038	0.358385	0.0	0.8	0.7212755	13.0	1.3
2014-12-28	24.885714	38	40.5	0.01819	31	0.034	0.263354	0.0	0.5	0.630169	11.0	1.4
2014-12-29	30.72381	39	41.3	0.016524	28	0.03	0.37205	0.0	0.9	0.7641074999999999	13.0	1.4
2014-12-30	26.209524	38	40.4	0.017524	25	0.027	0.13323	0.0	0.5	0.59703325	15.0	1.4
2014-12-31	26.385714	42	44.3	0.0215	32	0.035	0.0857145	0.0	0.6	0.5333749999999999	10.0	1.4
2015-01-01	21.480952	36	38.4	0.022048	35	0.038	0.1381985	0.0	0.5	0.5934815	11.0	1.5
2015-01-02	28.690476	39	41.1	0.017619	31	0.033	0.2338505	0.0	0.6	0.77266675	15.0	1.4
2015-01-03	25.461905	39	41.4	0.020571	35	0.038	0.1785715	0.0	0.3	0.75586775	15.0	1.4
2015-01-04	29.642857	45	48.6	0.018476	32	0.035	0.154037	0.0	0.3	0.77017275	14.0	1.4
2015-01-05	35.533333	47	50.8	0.012952	22	0.024	0.331056	1.0	1.1	0.77767975	13.0	1.7
2015-01-06	34.919048	45	48.4	0.013286	23	0.025	0.3180125	0.0	0.8	0.6586845	13.0	1.5
2015-01-07	34.742857	42	44.7	0.012714	21	0.023	0.4145835	1.0	1.0	0.77454475	13.0	1.7
2015-01-08	43.561905	54	57.7	0.008476	13	0.014	0.8475155	1.0	1.6	1.0939875	17.0	1.8
2015-01-09	43.119048	55	58.3	0.011619	19	0.021	0.5477274999999999	1.0	1.3	1.14524075	19.0	1.9
2015-01-10	34.17619	39	41.5	0.00981	12	0.013	0.200932	0.0	0.5	0.878388	16.0	1.5
2015-01-11	16.42381	25	27.5	0.017952	26	0.028	0.0338505	0.0	0.3	0.523855	13.0	1.5
2015-01-12	23.0	28	30.7	0.01219	19	0.02	0.07205	0.0	0.2	0.73110875	14.0	1.2
2015-01-13	25.819048	38	40.3	0.015048	25	0.027	0.1108695	0.0	0.4	0.78521375	13.0	1.5
2015-01-14	29.3	42	44.6	0.016429	30	0.032	0.25	1.0	1.0	0.7779674999999999	14.0	1.6
2015-01-15	31.680952	42	45.8	0.015143	27	0.029	0.2086955	0.0	0.8	0.669856	11.0	1.6
2015-01-16	34.28	42	44.5	0.014842	25	0.027	0.231061	0.0	0.6	0.681887	13.0	1.6
2015-01-17	34.866667	56	59.2	0.016333	30	0.032	0.3993784999999999	0.0	0.8	0.8640995	17.0	1.9
2015-01-18	35.042857	50	53.6	0.016762	31	0.033	0.392236	0.0	0.7	0.98426925	20.0	1.8
2015-01-19	39.42381	65	67.8	0.014714	24	0.026	0.495031	1.0	1.3	1.040741	18.0	1.6
2015-01-20	36.866667	48	51.3	0.012762	19	0.02	0.2201865	0.0	0.5	1.02842175	18.0	1.7
2015-01-21	35.561905	50	53.4	0.018095	30	0.032	0.23125	1.0	1.1	0.7555165	14.0	1.7
2015-01-22	40.222727	48	51.1	0.011625	21	0.023	0.663354	6.0	4.9	0.92571675	15.0	1.7
2015-01-23	36.259091	47	50.4	0.01425	28	0.03	0.3325755	1.0	1.0	0.8070492499999999	14.0	1.5
2015-01-24	36.321739	45	48.0	0.014917	30	0.032	0.5841615	1.0	1.3	0.8632172499999999	15.0	1.7
2015-01-25	32.234783	43	46.0	0.017417	33	0.036	0.353416	0.0	0.7	0.92650925	17.0	1.6
2015-01-26	27.782609	42	44.3	0.018667	27	0.029	0.17205	1.0	1.0	0.55965025	11.0	1.4
2015-01-27	24.526316	35	37.4	0.011667	26	0.028	0.058385	0.0	0.3	0.509988	9.0	1.0
2015-01-28	31.169565	39	41.9	0.010833	19	0.021	0.1041665	0.0	0.4	0.63960525	11.0	1.3
2015-01-29	36.059091	45	48.9	0.010875	17	0.018	0.3011905	1.0	1.1	0.62541275	11.0	1.0
2015-01-30	29.013043	35	37.2	0.011625	16	0.017	0.1037265	0.0	0.4	0.5858352499999999	11.0	1.3
2015-01-31	20.430435	33	35.1	0.020667	36	0.039	0.0338505	0.0	0.2	0.4964329999999999	11.0	1.1
2015-02-01	24.904348	38	40.4	0.017917	33	0.036	0.2447205	1.0	1.4	0.698674	11.0	1.4
2015-02-02	37.959091	49	52.5	0.01575	31	0.033	0.295031	0.0	0.5	0.86590475	15.0	1.6
2015-02-03	46.563636	72	74.8	0.012792	21	0.023	0.4403725	1.0	1.1	1.11666075	16.0	1.5
2015-02-04	42.813636	56	59.2	0.014542	27	0.029	0.1104165	0.0	0.5	0.91705975	14.0	1.4
2015-02-05	41.147619	51	54.3	0.021875	43	0.046	0.237879	0.0	0.8	1.0723415	17.0	1.9
2015-02-06	33.581818	53	56.3	0.022625	44	0.047	0.2158385	0.0	0.8	0.8519755	15.0	1.5
2015-02-07	33.122727	45	48.3	0.011417	19	0.02	0.179193	0.0	0.6	0.76124725	11.0	1.1
2015-02-08	15.95	32	34.2	0.017417	29	0.031	0.004348	0.0	0.1	0.52156375	11.0	1.0
2015-02-09	19.895455	36	38.2	0.014708	28	0.03	0.320807	6.0	4.4	0.5389005	10.0	1.2
2015-02-10	33.357143	49	52.8	0.01781	32	0.035	0.3245345	0.0	0.7	0.80141	13.0	1.5
2015-02-11	36.0	55	58.4	0.018458	38	0.041	0.5496894999999999	6.0	4.9	0.7966245	14.0	1.6
2015-02-12	35.427273	51	54.3	0.021292	43	0.046	0.2900625	0.0	0.9	0.6763112499999999	13.0	1.5
2015-02-13	35.931818	54	57.1	0.02175	45	0.049	0.3108695	0.0	0.8	0.69902375	15.0	2.4
2015-02-14	32.726087	51	54.6	0.025833	50	0.054	0.323913	0.0	0.8	0.7112430000000001	15.0	1.6
2015-02-15	26.621739	39	41.2	0.032333	74	0.062	0.4223605	1.0	1.1	0.66943825	14.0	1.5
2015-02-16	24.078261	43	46.9	0.032208	44	0.048	0.1518635	0.0	0.6	0.5605162499999999	9.0	1.0
2015-02-17	21.040909	36	38.6	0.031917	48	0.052	0.0484845	0.0	0.5	0.41524625	7.0	0.9
2015-02-18	27.322727	31	33.2	0.028417	44	0.048	0.0333335	0.0	0.2	0.6093597500000001	10.0	1.0
2015-02-19	27.031818	39	41.0	0.031583	50	0.054	0.172671	1.0	1.0	0.6216269999999999	9.0	0.9
2015-02-20	25.986364	41	43.4	0.02825	43	0.046	0.031677	0.0	0.2	0.5260215	8.0	1.1
2015-02-21	13.704545	36	38.2	0.040708	45	0.049	0.0186335	0.0	0.3	0.3500085	9.0	1.0
2015-02-22	11.059091	19	20.1	0.034375	39	0.042	0.0	0.0	0.0	0.2252147499999999	3.0	0.4
2015-02-23	20.863636	30	32.9	0.02275	37	0.04	0.0	0.0	0.0	0.33578025	6.0	0.7
2015-02-24	24.663636	40	42.2	0.021458	41	0.044	0.0425465	0.0	0.3	0.4410965	8.0	1.0
2015-02-25	31.185714	43	46.2	0.022048	36	0.039	0.2916665	0.0	0.7	0.6424194999999999	11.0	1.3
2015-02-26	33.854545	43	46.2	0.019958	36	0.039	0.385606	1.0	1.2	0.64678625	14.0	1.4
2015-02-27	20.308696	33	35.1	0.028125	37	0.04	0.056211	0.0	0.3	0.26831875	6.0	0.5
2015-02-28	11.643478	25	26.9	0.035375	42	0.045	0.004348	0.0	0.4	0.13921525	2.0	0.3
2015-03-01	9.890909	14	15.0	0.0335	38	0.041	0.0	0.0	0.0	0.14930425	2.0	0.3
2015-03-02	18.659091	33	35.8	0.027708	35	0.038	0.0	0.0	0.0	0.21263125	5.0	0.577
2015-03-03	19.981818	34	36.5	0.023417	40	0.043	0.197205	6.0	4.0	0.28023075	5.0	0.758
2015-03-04	25.190909	44	47.1	0.023667	44	0.048	0.0958335	0.0	0.6	0.44173475	7.0	0.925
2015-03-05	30.818182	54	57.5	0.025167	48	0.052	0.3360245	6.0	4.1	0.475315	9.0	0.9
2015-03-06	36.342857	51	54.9	0.0223	39	0.042	0.240476	0.0	0.8	0.6296307499999999	10.0	1.4
2015-03-07	29.46087	47	50.3	0.026042	54	0.056	0.296875	0.0	0.6	0.65404375	13.0	1.2
2015-03-08	22.626087	36	38.3	0.03325	49	0.053	0.2878885	1.0	1.0	0.5418785	11.0	1.1
2015-03-09	24.486957	33	35.4	0.032292	51	0.055	0.0835405	0.0	0.4	0.38932075	6.0	0.622
2015-03-10	39.85	58	61.5	0.025667	44	0.048	0.1625	0.0	0.5	0.6480325	10.0	1.1
2015-03-11	38.718182	50	53.1	0.016958	29	0.031	0.16	0.0	0.7	0.6688890000000001	13.0	1.3
2015-03-12	34.566667	48	51.6	0.0281	49	0.053	0.2646104999999999	0.0	0.7	0.5115475	8.0	1.2
2015-03-13	33.743478	53	56.4	0.024958	50	0.054	0.2621115	0.0	0.8	0.59070825	9.0	1.4
2015-03-14	27.021739	45	48.8	0.034	84	0.065	0.1479165	0.0	0.5	0.46213625	10.0	1.0
2015-03-15	19.726087	36	38.5	0.0415	93	0.068	0.0742235	0.0	0.4	0.341433	7.0	0.622
2015-03-16	36.126087	60	62.6	0.033833	84	0.065	0.351242	0.0	0.9	0.4776705	7.0	0.912
2015-03-17	33.618182	51	54.3	0.037542	71	0.061	0.487267	1.0	1.0	0.5291077500000001	9.0	1.2
2015-03-18	16.113636	27	29.0	0.0385	45	0.049	0.0416664999999999	0.0	0.2	0.20380025	5.0	0.4
2015-03-19	17.091304	33	35.5	0.033	47	0.051	0.028788	0.0	0.3	0.2380965	3.0	0.5
2015-03-20	23.773913	32	34.7	0.035125	71	0.061	0.054037	0.0	0.3	0.3983715	6.0	0.8
2015-03-21	14.143478	27	29.2	0.046583	74	0.062	0.0729165	0.0	0.8	0.269575	5.0	0.5
2015-03-22	9.852174	16	17.8	0.038708	49	0.053	0.072671	0.0	0.5	0.1962065	2.0	0.307
2015-03-23	19.031818	30	32.9	0.025	40	0.043	0.051242	0.0	0.3	0.29309525	6.0	0.6
2015-03-24	19.759091	28	30.0	0.030542	43	0.046	0.121118	1.0	1.1	0.32099225	6.0	0.7
2015-03-25	35.004545	49	52.2	0.025292	50	0.054	0.3080745	0.0	0.6	0.5405070000000001	9.0	1.2
2015-03-26	30.473913	55	58.4	0.027583	51	0.055	0.29375	1.0	1.8	0.491797	9.0	1.035
2015-03-27	37.46087	50	53.1	0.031417	90	0.067	0.5015525000000001	0.0	0.8	0.58437675	9.0	1.231
2015-03-28	27.813043	46	49.7	0.027	49	0.053	0.358385	1.0	1.1	0.479732	8.0	0.824
2015-03-29	20.178261	29	31.6	0.032458	58	0.057	0.128882	0.0	0.5	0.45325875	9.0	0.839
2015-03-30	21.690909	34	36.5	0.032458	58	0.057	0.1979165	1.0	1.9	0.4749605	8.0	1.0
2015-03-31	26.068182	36	38.1	0.0295	45	0.049	0.1742425	0.0	0.6	0.40589025	7.0	0.907
2015-04-01	16.73913	32	34.4	0.036375	51	0.055	0.0854165	0.0	0.3	0.2459947499999999	5.0	0.705
2015-04-02	25.913043	47	50.5	0.031792	67	0.06	0.16875	0.0	0.5	0.3757365	6.0	0.9
2015-04-03	26.03913	45	48.6	0.039625	77	0.063	0.167702	0.0	0.5	0.42408325	8.0	0.9
2015-04-04	22.952174	41	43.2	0.043	97	0.069	0.4208334999999999	9.0	6.2	0.345317	6.0	0.651
2015-04-05	11.327273	30	32.6	0.044667	74	0.062	0.0541665	0.0	0.2	0.231604	6.0	0.6
2015-04-06	12.481818	27	29.6	0.039333	49	0.053	0.04375	0.0	0.2	0.1855455	3.0	0.4
2015-04-07	17.709091	35	37.9	0.030583	45	0.049	0.007143	0.0	0.2	0.274884	6.0	0.707
2015-04-08	20.191304	40	42.1	0.0265	47	0.051	0.0208334999999999	0.0	0.2	0.317001	6.0	0.844
2015-04-09	23.736364	35	37.6	0.032167	49	0.053	0.14375	0.0	0.5	0.3976155	7.0	0.8
2015-04-10	19.990909	31	33.6	0.036625	64	0.059	0.1166665	0.0	0.4	0.3568295	7.0	0.863
2015-04-11	19.240909	32	34.6	0.03825	67	0.06	0.23323	1.0	1.0	0.31942975	6.0	0.654
2015-04-12	14.309091	25	27.8	0.044	97	0.069	0.1453415	0.0	0.7	0.3205584999999999	7.0	1.0
2015-04-13	15.804545	33	35.0	0.037292	49	0.053	0.0813665	0.0	0.5	0.28870975	5.0	0.555
2015-04-14	17.477273	36	38.2	0.034833	50	0.054	0.09441	1.0	1.1	0.23527625	3.0	0.469
2015-04-15	28.036364	49	52.3	0.033167	80	0.064	0.2041665	0.0	0.6	0.40354175	7.0	1.0
2015-04-16	30.25	56	59.1	0.034917	80	0.064	0.203106	0.0	0.8	0.51798725	10.0	1.2
2015-04-17	30.463636	53	56.3	0.036333	74	0.062	0.2386365	0.0	0.5	0.44880675	8.0	0.751
2015-04-18	21.9	39	41.6	0.047095	87	0.066	0.446894	3.0	2.2	0.39059275	7.0	0.7
2015-04-19	13.7	29	31.6	0.046476	84	0.065	0.292857	1.0	1.8	0.36744925	7.0	0.8
2015-04-20	13.766667	22	23.6	0.043619	50	0.054	0.067702	0.0	0.6	0.28842025	6.0	0.5
2015-04-21	11.433333	18	19.6	0.047667	48	0.052	0.026708	0.0	0.4	0.23028375	3.0	0.4
2015-04-22	13.747619	27	29.3	0.040476	46	0.05	0.0245345	0.0	0.3	0.253854	3.0	0.4
2015-04-23	14.104762	26	28.3	0.04135	44	0.047	0.02803	0.0	0.3	0.29506675	5.0	0.5
2015-04-24	12.521739	25	27.1	0.037333	40	0.043	0.0	0.0	0.1	0.2518605	3.0	0.4
2015-04-25	11.386957	25	27.0	0.030792	40	0.043	0.0	0.0	0.1	0.25609225	5.0	0.6
2015-04-26	13.182609	23	24.0	0.033792	50	0.054	0.0065215	0.0	0.2	0.30122825	6.0	0.6
2015-04-27	23.23913	43	46.1	0.036583	90	0.067	0.0813665	0.0	0.3	0.41467925	7.0	0.8
2015-04-28	32.65	50	53.4	0.037542	101	0.071	0.487879	9.0	6.1	0.456049	7.0	0.7
2015-04-29	40.058824	78	79.1	0.018769	42	0.045	0.2661495	1.0	1.0	0.5976937499999999	10.0	1.6
2015-04-30	28.270588	47	50.9	0.027385	49	0.053	0.2425	1.0	1.1	0.5758767499999999	10.0	1.5
2015-05-01	28.477273	53	56.8	0.02375	50	0.054	0.08	0.0	0.4	0.6239129999999999	11.0	1.3
2015-05-02	21.536364	49	52.8	0.035625	50	0.054	0.1076925	0.0	0.4	0.5493712500000001	11.0	1.1
2015-05-03	8.227273	12	13.2	0.042083	50	0.054	0.011111	0.0	0.5	0.25681825	5.0	0.5
2015-05-04	11.245455	22	23.4	0.039708	45	0.049	0.0	0.0	0.0	0.25086075	5.0	0.4
2015-05-05	12.013636	21	22.6	0.037	42	0.045	0.0	0.0	0.0	0.23454625	5.0	0.5
2015-05-06	13.042857	22	23.4	0.040714	44	0.047	0.0	0.0	0.0	0.2446025	5.0	0.4
2015-05-07	9.490909	17	18.0	0.038625	42	0.045	0.0	0.0	0.0	0.2230512499999999	5.0	0.8
2015-05-08	12.566667	24	25.8	0.0304	39	0.042	0.0	0.0	0.0	0.2629485	5.0	0.6
2015-05-09	14.986364	26	28.6	0.024417	38	0.041	0.235093	7.0	5.9	0.3450605	7.0	0.7
2015-05-10	13.486364	29	31.4	0.032375	49	0.053	0.0	0.0	0.0	0.42664375	9.0	0.9
2015-05-11	18.463636	42	44.7	0.031417	50	0.054	0.0	0.0	0.1	0.438877	9.0	0.9
2015-05-12	13.754545	23	24.9	0.038667	47	0.051	0.0	0.0	0.0	0.26106725	5.0	0.5
2015-05-13	12.33913	21	22.7	0.04075	47	0.051	0.0	0.0	0.0	0.223462	3.0	0.4
2015-05-14	16.773913	22	23.7	0.03075	35	0.038	0.01625	0.0	0.3	0.2415845	5.0	0.4
2015-05-15	14.236364	27	29.4	0.029042	44	0.047	0.0	0.0	0.0	0.2803	5.0	0.6
2015-05-16	11.586957	21	22.4	0.033583	44	0.047	0.0	0.0	0.0	0.26313375	6.0	0.5
2015-05-17	8.582609	18	19.5	0.040792	46	0.05	0.0	0.0	0.0	0.242056	5.0	0.5
2015-05-18	11.834783	22	23.3	0.036042	45	0.049	0.0	0.0	0.0	0.2254555	3.0	0.4
2015-05-19	14.586364	26	28.4	0.032167	44	0.048	0.03	0.0	0.3	0.2716565	5.0	0.6
2015-05-20	16.722727	33	35.4	0.032417	43	0.046	0.0	0.0	0.0	0.28625	6.0	0.6
2015-05-21	11.791304	19	20.7	0.035083	43	0.046	0.0	0.0	0.0	0.22901075	5.0	0.4
2015-05-22	9.286957	23	24.3	0.032375	37	0.04	0.0	0.0	0.0	0.206462	3.0	0.4
2015-05-23	9.66087	20	21.4	0.03625	42	0.045	0.0	0.0	0.0	0.22939975	5.0	0.5
2015-05-24	5.886364	8	8.0	0.041208	46	0.05	0.0	0.0	0.0	0.2152015	3.0	0.4
2015-05-25	8.630435	20	21.8	0.0375	46	0.05	0.0	0.0	0.0	0.2366015	3.0	0.5
2015-05-26	12.377273	24	25.8	0.033208	41	0.044	0.0	0.0	0.0	0.2627615	5.0	0.5
2015-05-27	10.726316	20	21.1	0.03675	45	0.049	0.0	0.0	0.0	0.23167425	5.0	0.5
2015-05-28	16.247826	27	29.6	0.032167	45	0.049	0.0283335	0.0	0.2	0.2978825	6.0	0.5
2015-05-29	19.047826	34	36.2	0.033417	67	0.06	0.0076925	0.0	0.2	0.3605115	6.0	0.6
2015-05-30	15.969565	22	23.1	0.037083	74	0.062	0.0458335	0.0	0.3	0.37663725	6.0	0.6
2015-05-31	8.973913	14	15.6	0.046042	87	0.066	0.0	0.0	0.0	0.2709074999999999	5.0	0.5
2015-06-01	13.521739	23	24.8	0.036292	61	0.058	0.002941	0.0	0.1	0.255199	5.0	0.4
2015-06-02	16.054545	25	27.6	0.024917	33	0.036	0.074351	0.0	0.4	0.2807055	5.0	0.7
2015-06-03	12.13913	18	19.2	0.029833	38	0.041	0.0	0.0	0.0	0.21760425	3.0	0.4
2015-06-04	16.365217	28	30.3	0.026875	34	0.037	0.0	0.0	0.0	0.24765325	5.0	0.4
2015-06-05	11.081818	17	18.2	0.034042	40	0.043	0.0	0.0	0.0	0.21412	3.0	0.3
2015-06-06	9.021739	21	22.0	0.033167	43	0.046	0.0	0.0	0.0	0.2334935	3.0	0.4
2015-06-07	16.997233	44.0	47.8	0.0317295	71.0	0.061	0.0	0.0	0.0	0.364623125	9.0	0.9
2015-06-08	24.972727	44	47.8	0.030292	71	0.061	0.0	0.0	0.0	0.49575275	9.0	0.9
2015-06-09	16.668182	35	37.3	0.027042	35	0.038	0.0	0.0	0.0	0.38575275	8.0	1.0
2015-06-10	12.226087	25	26.2	0.02775	35	0.038	0.0	0.0	0.0	0.25231775	5.0	0.5
2015-06-11	13.909091	24	25.6	0.025917	37	0.04	0.0	0.0	0.0	0.2834394999999999	6.0	0.5
2015-06-12	15.630435	25	26.9	0.023542	29	0.031	0.0	0.0	0.0	0.3106395	5.0	0.5
2015-06-13	10.486957	17	18.1	0.0285	34	0.037	0.0	0.0	0.0	0.26400825	5.0	0.5
2015-06-14	8.995652	12	13.3	0.035583	49	0.053	0.0	0.0	0.0	0.2957595	5.0	0.5
2015-06-15	16.382609	30	32.5	0.029375	48	0.052	0.0	0.0	0.0	0.36234875	7.0	0.7
2015-06-16	21.327273	40	42.6	0.033542	54	0.056	0.0583335	0.0	0.9	0.426444	8.0	0.8
2015-06-17	21.643478	47	50.6	0.041542	97	0.069	0.2913044999999999	9.0	6.0	0.41442025	7.0	0.7
2015-06-18	23.004545	42	45.4	0.032333	84	0.065	0.0	0.0	0.2	0.482873	9.0	0.9
2015-06-19	30.982609	53	56.2	0.031458	112	0.074	0.3208335	1.0	1.2	0.61299125	10.0	1.0
2015-06-20	19.065217	31	33.1	0.040042	112	0.074	0.4229165	9.0	6.3	0.4303465	8.0	0.7
2015-06-21	10.631818	20	21.2	0.035125	50	0.054	0.0541665	0.0	0.6	0.28434275	6.0	0.5
2015-06-22	20.027273	36	38.2	0.029542	45	0.049	0.6104164999999999	3.0	2.3	0.397322	8.0	0.9
2015-06-23	20.65	36	38.7	0.030667	58	0.057	0.2825755	1.0	1.0	0.37022725	7.0	0.8
2015-06-24	23.686957	35	37.5	0.030208	49	0.053	0.43125	1.0	1.0	0.3838895	7.0	0.9
2015-06-25	18.481818	36	38.5	0.030167	44	0.048	0.302174	1.0	1.1	0.35480775	6.0	0.6
2015-06-26	14.995455	26	28.9	0.025542	43	0.046	0.0	0.0	0.0	0.28396975	6.0	0.6
2015-06-27	19.240909	26	28.3	0.011833	21	0.023	0.2520835	1.0	1.6	0.2972785	6.0	0.6
2015-06-28	18.113043	25	27.1	0.024542	49	0.053	0.4958335	1.0	1.9	0.3502065	7.0	0.7
2015-06-29	22.254545	37	39.8	0.024375	42	0.045	0.5874999999999999	3.0	2.4	0.31854625	6.0	0.6
2015-06-30	30.258333	35	37.0	0.017636	34	0.037	0.43125	1.0	1.4	0.3605097499999999	7.0	0.7
2015-07-01	22.25	34	36.9	0.019917	35	0.038	0.35	1.0	1.5	0.241518	7.0	0.8
2015-07-02	15.6375	25	27.3	0.022542	38	0.041	0.140909	1.0	1.3	0.1989584999999999	6.0	0.8
2015-07-03	13.583333	24	25.6	0.023958	42	0.045	0.1291665	0.0	0.9	0.3562499999999999	5.0	0.5
2015-07-04	10.220833	19	20.2	0.024792	36	0.039	0.1354165	0.0	0.6	0.3041665	3.0	0.4
2015-07-05	7.5125	9	10.1	0.029583	36	0.039	0.0229165	0.0	0.5	0.3	3.0	0.3
2015-07-06	10.604167	21	22.4	0.026708	34	0.037	0.0	0.0	0.0	0.35	5.0	0.7
2015-07-07	15.695833	26	28.9	0.026292	42	0.045	0.0	0.0	0.0	0.4	7.0	1.5
2015-07-08	13.091667	20	21.3	0.024833	31	0.033	0.0	0.0	0.0	0.33125	5.0	0.7
2015-07-09	11.291667	21	22.8	0.018667	28	0.03	0.0020835	0.0	0.2	0.316667	5.0	0.6
2015-07-10	12.075	23	24.2	0.01825	27	0.029	0.019565	0.0	0.5	0.285417	5.0	0.5
2015-07-11	11.075	22	23.5	0.022125	35	0.038	0.0291664999999999	0.0	0.6	0.3125	5.0	1.0
2015-07-12	11.983333	21	22.8	0.022083	36	0.039	0.1333335	0.0	0.6	0.3374999999999999	6.0	0.8
2015-07-13	15.2125	24	25.8	0.022	36	0.039	0.2083335	1.0	1.4	0.3625	6.0	0.8
2015-07-14	14.447059	19	20.7	0.021357	31	0.034	0.175	1.0	1.0	0.287605	3.0	0.5
2015-07-15	11.068421	16	17.8	0.030875	41	0.044	0.0	0.0	0.2	0.208388	3.0	0.3
2015-07-16	12.779167	25	26.8	0.032458	42	0.045	0.0	0.0	0.0	0.279167	3.0	0.4
2015-07-17	14.670833	37	39.8	0.031333	49	0.053	0.0	0.0	0.0	0.3479165	6.0	0.8
2015-07-18	21.158333	28	30.9	0.015333	30	0.032	0.0	0.0	0.0	0.45	7.0	1.1
2015-07-19	9.741667	15	16.2	0.021042	37	0.04	0.0	0.0	0.0	0.3916665	6.0	1.0
2015-07-20	11.225	24	25.5	0.014	23	0.025	0.0	0.0	0.0	0.3604165	6.0	0.8
2015-07-21	9.708333	19	20.3	0.013333	20	0.022	0.0	0.0	0.0	0.458333	9.0	3.2
2015-07-22	8.375	14	15.1	0.016708	26	0.028	0.0	0.0	0.0	0.333333	5.0	0.4
2015-07-23	13.195833	18	19.5	0.019375	30	0.032	0.0	0.0	0.0	0.3604165	6.0	1.1
2015-07-24	14.945833	25	26.1	0.018375	32	0.035	0.0166665	0.0	0.2	0.3958335	7.0	1.1
2015-07-25	16.7875	26	28.8	0.027292	47	0.051	0.2	0.0	0.9	0.4145835	7.0	1.0
2015-07-26	10.575	21	22.7	0.022833	35	0.038	0.125	0.0	0.7	0.28125	5.0	0.6
2015-07-27	11.920833	16	17.6	0.025708	36	0.039	0.0	0.0	0.1	0.233333	3.0	0.4
2015-07-28	16.166667	31	33.7	0.030833	44	0.048	0.04375	0.0	0.4	0.3291665	5.0	0.6
2015-07-29	14.386957	26	28.0	0.033208	47	0.051	0.0	0.0	0.0	0.3637685	6.0	0.8
2015-07-30	15.145833	27	29.3	0.026875	43	0.046	0.01875	0.0	0.3	0.3729165	6.0	0.6
2015-07-31	17.241667	25	26.4	0.025792	43	0.046	0.004167	0.0	0.3	0.3708335	5.0	0.5
2015-08-01	10.641667	18	19.2	0.028625	45	0.049	0.0	0.0	0.0	0.360417	5.0	0.8
2015-08-02	11.429167	18	19.2	0.027083	45	0.049	0.0354165	0.0	0.6	0.38125	6.0	0.8
2015-08-03	18.4375	26	28.2	0.022333	44	0.047	0.2333335	0.0	0.9	0.3583334999999999	5.0	0.6
2015-08-04	21.245	40	42.4	0.013588	37	0.04	0.3145835	1.0	1.3	0.41	9.0	1.2
2015-08-05	23.679167	32	34.0	0.019667	41	0.044	0.34375	1.0	1.4	0.414583	7.0	1.1
2015-08-06	24.295833	34	36.5	0.024083	35	0.038	0.3729165	1.0	1.3	0.4354165	7.0	1.1
2015-08-07	11.545833	16	17.8	0.032333	40	0.043	0.0	0.0	0.1	0.2791665	3.0	0.4
2015-08-08	9.045833	11	12.7	0.034042	45	0.049	0.0	0.0	0.0	0.24375	3.0	0.6
2015-08-09	10.033333	21	22.7	0.030417	43	0.046	0.0	0.0	0.0	0.283333	5.0	0.5
2015-08-10	12.2875	24	25.9	0.029083	42	0.045	0.0	0.0	0.0	0.28125	5.0	0.6
2015-08-11	15.591667	25	27.8	0.028125	46	0.05	0.0	0.0	0.0	0.2770829999999999	3.0	0.6
2015-08-12	22.229167	36	38.9	0.019292	42	0.045	0.0791665	0.0	0.4	0.422917	8.0	1.2
2015-08-13	29.358333	52	55.9	0.017875	39	0.042	0.30625	0.0	0.9	0.5375	10.0	1.3
2015-08-14	28.25	43	46.4	0.018917	42	0.045	0.3015525	0.0	0.7	0.4770835	9.0	1.0
2015-08-15	26.058333	43	46.6	0.031542	108	0.073	0.3854165	0.0	0.9	0.4854165	8.0	0.8
2015-08-16	21.4875	39	41.1	0.034708	84	0.065	0.2604165	1.0	1.3	0.4520834999999999	8.0	1.1
2015-08-17	13.583333	21	22.2	0.028875	43	0.046	0.0	0.0	0.0	0.3104165	5.0	0.6
2015-08-18	14.320833	31	33.4	0.028333	39	0.042	0.0229165	0.0	0.5	0.3645835	6.0	1.5
2015-08-19	13.595833	21	22.5	0.035792	47	0.051	0.0	0.0	0.0	0.366667	6.0	0.9
2015-08-20	13.379167	19	20.8	0.037417	49	0.053	0.0	0.0	0.1	0.352083	5.0	0.7
2015-08-21	14.929167	22	23.2	0.034708	44	0.047	0.0	0.0	0.0	0.375	5.0	0.5
2015-08-22	10.008333	14	15.8	0.039292	71	0.061	0.0	0.0	0.0	0.3895834999999999	5.0	0.4
2015-08-23	12.145833	21	22.5	0.031625	64	0.059	0.0166665	0.0	0.2	0.3874999999999999	6.0	0.8
2015-08-24	21.7375	34	36.1	0.024333	48	0.052	0.0625	0.0	0.5	0.4979165	8.0	0.8
2015-08-25	24.5375	34	36.8	0.019208	35	0.038	0.0291664999999999	0.0	0.3	0.4875	7.0	1.0
2015-08-26	24.883333	40	42.8	0.034667	74	0.062	0.3020834999999999	1.0	1.1	0.6729164999999999	13.0	2.2
2015-08-27	28.65	61	63.6	0.027417	58	0.057	0.3104165	1.0	1.8	0.5354165	9.0	1.5
2015-08-28	28.958333	37	39.1	0.029375	77	0.063	0.3333335	1.0	1.3	0.49375	8.0	0.9
2015-08-29	20.3	38	40.1	0.023625	51	0.055	0.2749999999999999	1.0	1.5	0.3770835	6.0	0.8
2015-08-30	10.989474	16	17.2	0.020563	40	0.043	0.1541665	0.0	0.8	0.253454	3.0	0.6
2015-08-31	14.8625	21	22.2	0.028208	39	0.042	0.0458335	0.0	0.5	0.3104165	5.0	0.6
2015-09-01	11.809091	15	16.1	0.02975	37	0.04	0.0	0.0	0.0	0.262311	3.0	0.3
2015-09-02	11.508696	16	17.1	0.033542	41	0.044	0.175	7.0	5.1	0.261775	3.0	0.3
2015-09-03	12.178261	16	17.4	0.031708	40	0.043	0.0	0.0	0.0	0.27654	3.0	0.4
2015-09-04	13.385	23	24.5	0.03225	43	0.046	0.0	0.0	0.1	0.2483334999999999	3.0	0.4
2015-09-05	13.16087	24	25.6	0.032875	64	0.059	0.0	0.0	0.0	0.317029	5.0	0.5
2015-09-06	14.630435	22	23.4	0.040667	90	0.067	0.025	0.0	0.3	0.419112	7.0	0.7
2015-09-07	16.691304	42	44.4	0.031208	64	0.059	0.09375	0.0	0.6	0.376449	6.0	0.6
2015-09-08	25.975	40	42.0	0.018522	36	0.039	0.5249999999999999	6.0	4.4	0.4520834999999999	8.0	0.8
2015-09-09	27.478261	39	41.1	0.021583	45	0.049	0.2520835	0.0	0.5	0.4826089999999999	8.0	0.8
2015-09-10	22.086957	39	41.3	0.03	48	0.052	0.1	0.0	0.6	0.38904	6.0	0.6
2015-09-11	26.147826	37	39.6	0.022167	44	0.048	0.1763975	0.0	0.8	0.4532609999999999	7.0	0.8
2015-09-12	25.426087	40	42.4	0.018958	36	0.039	0.2	0.0	0.6	0.5124095	8.0	0.8
2015-09-13	11.969565	20	21.9	0.025292	38	0.041	0.0833335	0.0	0.7	0.333877	6.0	0.6
2015-09-14	10.965217	18	19.1	0.015958	25	0.027	0.0	0.0	0.0	0.297826	3.0	0.4
2015-09-15	8.109091	12	13.3	0.016833	20	0.022	0.0	0.0	0.0	0.3022725	3.0	0.4
2015-09-16	13.354545	23	24.7	0.023458	33	0.036	0.0229165	0.0	0.3	0.330682	5.0	0.5
2015-09-17	17.093333	22	23.7	0.0195	34	0.037	0.05	0.0	0.5	0.3408335	5.0	0.7
2015-09-18	24.813043	32	34.6	0.027083	54	0.056	0.063354	0.0	0.5	0.4811594999999999	7.0	0.8
2015-09-19	28.243478	51	54.9	0.034958	105	0.072	0.1166664999999999	0.0	0.4	0.629529	9.0	1.0
2015-09-20	21.582609	37	39.3	0.035375	105	0.072	0.0708335	0.0	0.4	0.4615944999999999	8.0	0.8
2015-09-21	21.404348	39	41.7	0.022708	40	0.043	0.08125	0.0	0.4	0.429438	8.0	0.8
2015-09-22	15.572727	29	31.6	0.027583	44	0.047	0.0	0.0	0.0	0.3757574999999999	6.0	0.7
2015-09-23	20.634783	31	33.5	0.026958	54	0.056	0.2083335	4.0	3.9	0.4811594999999999	6.0	0.7
2015-09-24	31.109091	48	51.6	0.026667	80	0.064	0.6270835	7.0	5.9	0.6600379999999999	10.0	1.2
2015-09-25	25.721739	41	43.8	0.027708	67	0.06	0.2395835	0.0	0.7	0.570199	8.0	0.9
2015-09-26	24.252174	39	41.4	0.025042	49	0.053	0.1625	1.0	1.0	0.6085145000000001	9.0	1.0
2015-09-27	18.672727	26	28.8	0.032792	93	0.068	0.2937499999999999	7.0	5.0	0.5448865	9.0	0.9
2015-09-28	23.678261	38	40.3	0.020667	41	0.044	0.2708335	1.0	1.2	0.5126815	9.0	1.2
2015-09-29	24.281818	30	32.8	0.019	39	0.042	0.1979165	0.0	0.9	0.4670455	8.0	1.1
2015-09-30	31.66087	53	56.1	0.020333	45	0.049	0.31875	1.0	1.1	0.5597825000000001	8.0	1.0
2015-10-01	22.873913	37	39.0	0.02075	39	0.042	0.34375	6.0	4.3	0.4527175	8.0	0.8
2015-10-02	17.330435	32	34.2	0.022042	39	0.042	0.0475155	0.0	0.3	0.3487314999999999	5.0	0.6
2015-10-03	16.908696	29	31.8	0.032167	47	0.051	0.1083335	0.0	0.8	0.3740035	7.0	0.7
2015-10-04	8.113043	17	18.0	0.035875	44	0.048	0.0	0.0	0.0	0.225634	3.0	0.4
2015-10-05	19.913043	30	32.5	0.019167	35	0.038	0.0	0.0	0.0	0.3324275	6.0	0.7
2015-10-06	17.863636	27	29.7	0.021958	42	0.045	0.0	0.0	0.0	0.4077655	7.0	0.6
2015-10-07	24.317391	37	39.8	0.023917	49	0.053	0.0875	0.0	0.7	0.508605	7.0	0.8
2015-10-08	36.169565	48	51.8	0.020708	51	0.055	0.2041665	0.0	0.7	0.7516305	10.0	1.4
2015-10-09	39.46087	52	55.6	0.02125	49	0.053	0.3173915	0.0	0.8	0.7381340000000001	13.0	1.2
2015-10-10	23.152174	42	44.4	0.03025	64	0.059	0.1270835	0.0	0.9	0.4927534999999999	11.0	1.1
2015-10-11	22.865217	47	50.7	0.037333	90	0.067	0.0729165	0.0	0.4	0.3913044999999999	7.0	0.7
2015-10-12	28.017391	39	41.1	0.029375	71	0.061	0.2166664999999999	0.0	0.6	0.4468295	7.0	0.8
2015-10-13	18.172727	50	53.7	0.022375	39	0.042	0.0704545	0.0	0.5	0.361932	6.0	0.8
2015-10-14	22.445455	46	49.5	0.013625	25	0.027	0.0267545	0.0	0.6	0.5348485	9.0	1.1
2015-10-15	10.6	15	16.4	0.018917	25	0.027	0.0	0.0	0.2	0.355871	5.0	0.5
2015-10-16	15.981818	24	25.4	0.018708	25	0.027	0.0	0.0	0.0	0.356629	5.0	0.5
2015-10-17	8.608696	15	16.9	0.030875	40	0.043	0.0	0.0	0.0	0.372192	6.0	0.6
2015-10-18	8.017391	22	23.4	0.0275	35	0.038	0.0	0.0	0.0	0.317301	5.0	0.5
2015-10-19	19.952174	28	30.4	0.015333	30	0.032	0.00625	0.0	0.1	0.425725	6.0	0.8
2015-10-20	24.918182	42	44.1	0.016333	35	0.038	0.075	0.0	0.5	0.487121	7.0	0.9
2015-10-21	29.43913	40	42.3	0.017083	36	0.039	0.1083335	0.0	0.5	0.531884	8.0	0.9
2015-10-22	22.591304	36	38.6	0.019625	32	0.035	0.0854165	0.0	0.5	0.4762685	8.0	1.0
2015-10-23	26.504348	40	42.6	0.01775	39	0.042	0.0245345	0.0	0.2	0.611413	9.0	1.2
2015-10-24	27.621739	45	48.2	0.023583	49	0.053	0.0645835	0.0	0.3	0.563315	10.0	1.1
2015-10-25	30.221739	44	47.0	0.018625	40	0.043	0.1770835	0.0	0.4	0.583062	9.0	1.0
2015-10-26	33.086957	47	50.7	0.026042	71	0.061	0.2083335	0.0	0.7	0.644565	10.0	1.0
2015-10-27	45.427273	53	56.9	0.015792	34	0.037	0.3562499999999999	0.0	0.8	0.7984845	11.0	1.3
2015-10-28	35.926087	60	62.4	0.021208	34	0.037	0.2979165	1.0	1.1	0.7689315	14.0	1.8
2015-10-29	7.804348	15	16.5	0.038083	41	0.044	0.0	0.0	0.0	0.227355	5.0	0.4
2015-10-30	35.608696	52	55.3	0.014125	30	0.032	0.3354165	1.0	1.2	0.544112	11.0	1.3
2015-10-31	35.695652	49	52.2	0.020417	44	0.048	0.3416665	0.0	0.8	0.7188405	13.0	1.2
2015-11-01	26.145455	39	41.3	0.029542	74	0.062	0.2125	1.0	1.0	0.628409	13.0	1.2
2015-11-02	17.204348	30	32.0	0.023	31	0.034	0.0	0.0	0.0	0.422826	8.0	1.0
2015-11-03	18.231818	25	26.0	0.020208	32	0.035	0.0	0.0	0.0	0.299811	5.0	0.5
2015-11-04	22.213043	34	36.0	0.017417	31	0.033	0.031677	0.0	0.3	0.383062	7.0	0.8
2015-11-05	28.721739	42	44.5	0.015958	31	0.034	0.0729165	0.0	0.5	0.4727355	7.0	0.9
2015-11-06	35.013043	47	50.2	0.012458	28	0.03	0.4333335	9.0	6.5	0.6496379999999999	11.0	1.3
2015-11-07	30.117391	45	48.1	0.017625	40	0.043	0.2395834999999999	0.0	0.7	0.733877	13.0	1.3
2015-11-08	25.33913	37	39.9	0.0225	45	0.049	0.1395835	0.0	0.9	0.5927535	13.0	1.1
2015-11-09	24.678261	37	39.5	0.018458	33	0.036	0.0375	0.0	0.2	0.514402	9.0	0.9
2015-11-10	20.281818	37	39.4	0.024	38	0.041	0.3625	10.0	7.7	0.4382574999999999	8.0	0.7
2015-11-11	29.995652	44	47.7	0.016458	35	0.038	0.0708335	0.0	0.4	0.570924	9.0	1.0
2015-11-12	38.347826	54	57.5	0.014583	33	0.036	0.198758	0.0	0.7	0.7344205	11.0	1.3
2015-11-13	40.478261	49	52.7	0.011625	27	0.029	0.4479165	1.0	1.0	0.9535325	14.0	1.6
2015-11-14	36.53913	50	53.1	0.015833	35	0.038	0.4166665	0.0	0.9	0.907971	16.0	1.6
2015-11-15	20.06087	42	45.1	0.030167	39	0.042	0.125	0.0	0.5	0.65154	15.0	1.6
2015-11-16	7.343478	28	30.4	0.030833	35	0.038	0.0	0.0	0.0	0.219384	3.0	0.4
2015-11-17	37.4	45	48.9	0.005765	11	0.012	0.0891665	0.0	0.9	0.73219	11.0	1.4
2015-11-18	45.291304	55	58.2	0.006625	14	0.015	0.6850930000000001	1.0	1.3	0.98279	14.0	1.6
2015-11-19	42.0	51	54.9	0.010542	25	0.027	0.4708334999999999	1.0	1.1	0.857699	14.0	1.5
2015-11-20	54.745	73	75.4	0.003471	10	0.011	0.615909	1.0	1.2	1.140441	19.0	2.1
2015-11-21	32.956522	53	56.6	0.014708	35	0.038	0.2625	0.0	0.9	0.8578805	20.0	1.9
2015-11-22	27.391304	45	48.6	0.016833	38	0.041	0.1020835	0.0	0.4	0.5567934999999999	11.0	1.0
2015-11-23	39.069565	49	52.1	0.011167	25	0.027	0.3374999999999999	1.0	1.1	0.6664855000000001	10.0	1.2
2015-11-24	27.259091	44	47.2	0.020042	31	0.034	0.2125	0.0	0.9	0.6640155	14.0	1.4
2015-11-25	19.418182	35	37.7	0.019958	34	0.037	0.0	0.0	0.0	0.3482955	6.0	0.9
2015-11-26	17.795652	30	32.3	0.020042	32	0.035	0.0020835	0.0	0.1	0.3957425	6.0	0.7
2015-11-27	16.521739	36	38.4	0.0195	31	0.033	0.0	0.0	0.0	0.3361415	6.0	0.6
2015-11-28	24.191304	38	40.0	0.014208	31	0.034	0.0520835	0.0	0.3	0.491938	8.0	0.9
2015-11-29	22.152174	38	40.9	0.017875	34	0.037	0.0583334999999999	0.0	0.7	0.50625	9.0	1.1
2015-11-30	32.213636	45	48.8	0.0125	27	0.029	0.1041665	0.0	0.5	0.5960225	9.0	1.3
2015-12-01	39.381818	52	55.9	0.009958	23	0.025	0.3333335	0.0	0.8	0.793939	13.0	1.6
2015-12-02	37.6	46	49.7	0.010708	26	0.028	0.158385	0.0	0.4	0.6272725	13.0	1.1
2015-12-03	39.778261	50	53.0	0.006208	13	0.014	0.36875	1.0	1.9	0.7219205	11.0	1.3
2015-12-04	39.382609	45	48.2	0.004667	10	0.011	0.4874999999999999	1.0	1.1	0.829348	14.0	1.5
2015-12-05	28.204348	37	39.4	0.015375	30	0.032	0.0708335	0.0	0.2	0.54846	11.0	1.0
2015-12-06	28.352174	44	47.6	0.015958	31	0.033	0.1020835	0.0	0.5	0.592301	11.0	1.4
2015-12-07	41.521739	47	50.3	0.007583	17	0.018	0.2791665	0.0	0.7	0.7873185	13.0	1.4
2015-12-08	48.622727	60	62.0	0.006083	14	0.015	0.720807	1.0	1.5	1.088447	16.0	1.8
2015-12-09	58.369565	73	75.0	0.003333	6	0.007	1.0666665	3.0	2.1	1.4002715	19.0	2.1
2015-12-10	29.956522	53	56.8	0.015875	26	0.028	0.3562499999999999	1.0	1.2	1.003442	20.0	2.0
2015-12-11	12.056522	33	35.1	0.029375	36	0.039	0.0	0.0	0.0	0.312862	6.0	0.9
2015-12-12	14.930435	32	34.5	0.02225	32	0.035	0.0	0.0	0.0	0.3280795	5.0	0.7
2015-12-13	16.531818	32	34.8	0.026542	34	0.037	0.03125	0.0	0.4	0.426894	8.0	0.8
2015-12-14	6.127273	8	9.9	0.032292	34	0.037	0.0	0.0	0.0	0.206818	2.0	0.3
2015-12-15	29.554545	42	44.4	0.010917	24	0.026	0.2020835	0.0	0.8	0.587311	10.0	1.3
2015-12-16	33.021739	42	44.4	0.008958	20	0.022	0.354037	0.0	0.9	0.7446554999999999	11.0	1.3
2015-12-17	34.6	44	47.7	0.00825	19	0.021	0.3229165	0.0	0.7	0.789221	13.0	1.4
2015-12-18	35.46087	43	46.3	0.008292	19	0.021	0.3562499999999999	0.0	0.9	0.815761	16.0	2.0
2015-12-19	25.26087	38	40.1	0.014875	27	0.029	0.8604165	17.0	12.6	0.7615035000000001	18.0	1.7
2015-12-20	18.582609	29	31.6	0.013667	29	0.031	0.0166665	0.0	0.2	0.4302535	7.0	0.9
2015-12-21	27.627273	34	36.8	0.009292	18	0.019	0.30625	1.0	1.0	0.5352275	9.0	1.0
2015-12-22	23.663636	29	31.1	0.003583	6	0.007	0.051316	0.0	0.2	0.47803	9.0	1.2
2015-12-23	21.443478	26	28.5	0.013792	20	0.022	0.066667	0.0	0.3	0.532699	11.0	1.2
2015-12-24	21.778261	33	35.0	0.015083	26	0.028	0.0	0.0	0.0	0.421739	6.0	0.8
2015-12-25	5.082609	18	19.8	0.0355	36	0.039	0.0	0.0	0.0	0.288587	7.0	0.6
2015-12-26	16.773913	40	42.8	0.019292	31	0.034	0.2166665	0.0	0.8	0.399275	10.0	1.2
2015-12-27	24.36087	36	38.2	0.014542	31	0.033	0.1854164999999999	0.0	0.7	0.620652	13.0	1.1
2015-12-28	27.452174	39	41.4	0.014917	19	0.021	0.1711109999999999	0.0	0.8	0.5692029999999999	10.0	1.1
2015-12-29	30.486364	40	42.6	0.01025	22	0.024	0.3208335	1.0	1.7	0.6140155	11.0	1.4
2015-12-30	33.716667	40	42.8	0.009417	20	0.022	0.259559	0.0	0.7	0.722917	13.0	1.1
