Date Local	NO2 Mean	NO2 AQI	NO2 1st Max Value	O3 Mean	O3 AQI	O3 1st Max Value	SO2 Mean	SO2 AQI	SO2 1st Max Value	CO Mean	CO AQI	CO 1st Max Value
2013-01-01	16.521739	38	40.0	0.018542	31	0.033	0.5397514999999999	3.0	2.0	1.869686	54.0	5.2
2013-01-02	13.565217	35	37.0	0.02175	35	0.038	0.172671	1.0	1.0	0.5798915	11.0	2.1
2013-01-03	14.434783	28	30.0	0.02025	35	0.038	0.0	0.0	0.0	0.558605	11.0	1.0
2013-01-04	19.652174	39	41.0	0.016	35	0.038	0.309317	1.0	1.0	0.799185	15.0	2.3
2013-01-05	19.956522	40	42.0	0.016	36	0.039	0.273292	1.0	1.0	0.8557065	16.0	2.0
2013-01-06	12.043478	45	48.0	0.028667	39	0.042	0.295031	3.0	2.0	0.8531705	17.0	2.5
2013-01-07	8.565217	30	32.0	0.027792	36	0.039	0.0	0.0	0.0	0.4532609999999999	6.0	0.7
2013-01-08	18.826087	40	42.0	0.017083	35	0.038	0.2158385	1.0	1.0	0.729348	15.0	1.9
2013-01-09	26.608696	47	50.0	0.011583	29	0.031	0.9493785	4.0	3.0	1.5847825000000002	36.0	5.0
2013-01-10	12.130435	34	36.0	0.0275	35	0.038	0.4027949999999999	3.0	2.0	1.0432065	43.0	3.8
2013-01-11	8.217391	26	28.0	0.026833	34	0.037	0.0	0.0	0.0	0.4703805	7.0	0.7
2013-01-12	13.043478	35	37.0	0.02075	38	0.041	0.2158385	1.0	1.0	0.6634055	15.0	3.0
2013-01-13	10.565217	27	29.0	0.025167	36	0.039	0.0431675	1.0	1.0	0.725815	19.0	1.9
2013-01-14	6.391304	21	22.0	0.028417	36	0.039	0.0	0.0	0.0	0.4192935	6.0	0.6
2013-01-15	17.0	40	42.0	0.020042	35	0.038	0.467702	3.0	2.0	0.7663949999999999	13.0	2.0
2013-01-16	16.130435	36	38.0	0.017667	34	0.037	0.172671	1.0	1.0	0.6294379999999999	10.0	1.3
2013-01-17	16.347826	38	40.0	0.017333	33	0.036	0.172671	1.0	1.0	0.665942	10.0	1.7
2013-01-18	19.217391	42	44.0	0.018042	34	0.037	0.2661495	1.0	1.0	0.7067935000000001	13.0	2.4
2013-01-19	16.652174	36	38.0	0.0205	37	0.04	0.2229809999999999	1.0	1.0	0.651449	13.0	1.4
2013-01-20	12.478261	37	39.0	0.022917	36	0.039	0.1798135	1.0	1.0	0.597645	13.0	1.6
2013-01-21	16.782609	40	42.0	0.018	35	0.038	0.309317	1.0	1.0	0.7003619999999999	14.0	2.0
2013-01-22	19.695652	40	42.0	0.014333	32	0.035	0.4027949999999999	1.0	1.0	0.8024455	15.0	1.8
2013-01-23	22.0	34	36.0	0.009875	24	0.026	0.8704970000000001	4.0	3.0	1.0259055	16.0	3.2
2013-01-24	24.173913	35	37.0	0.012583	24	0.026	1.8201865	6.0	4.0	0.987311	26.0	3.6
2013-01-25	11.0	23	24.0	0.013625	18	0.019	0.431677	1.0	1.0	0.4807065	7.0	0.8
2013-01-26	13.391304	24	25.0	0.009458	16	0.017	0.0863355	1.0	1.0	0.559964	8.0	0.8
2013-01-27	7.391304	21	22.0	0.024542	34	0.037	0.0863355	1.0	1.0	0.507971	8.0	0.8
2013-01-28	4.652174	14	15.0	0.031375	35	0.038	0.0	0.0	0.0	0.402174	5.0	0.5
2013-01-29	22.470588	39	41.0	0.008143	16	0.017	0.6835294999999999	4.0	3.0	0.641597	9.0	1.1
2013-01-30	24.347826	38	40.0	0.013417	32	0.035	0.812733	3.0	2.0	1.1905795	25.0	3.9
2013-01-31	19.913043	41	43.0	0.015125	34	0.037	0.395652	1.0	1.0	0.924547	27.0	2.4
2013-02-01	20.043478	38	40.0	0.013	31	0.033	0.539441	1.0	1.0	1.0299815	22.0	3.5
2013-02-02	17.826087	36	38.0	0.015417	33	0.036	0.2158385	1.0	1.0	0.8549815	24.0	2.1
2013-02-03	12.826087	29	31.0	0.019583	34	0.037	0.0	0.0	0.0	0.5617749999999999	10.0	1.4
2013-02-04	15.652174	40	42.0	0.01875	38	0.041	0.445963	3.0	2.0	0.8342390000000001	22.0	3.6
2013-02-05	23.26087	48	51.0	0.017042	34	0.037	0.539441	1.0	1.0	1.029076	24.0	2.4
2013-02-06	23.043478	42	45.0	0.017458	38	0.041	0.899068	3.0	2.0	1.090761	26.0	4.0
2013-02-07	19.173913	34	36.0	0.02675	38	0.041	0.985404	4.0	3.0	0.938587	27.0	2.4
2013-02-08	1.722222	4	4.0	0.042	40	0.043	0.0	0.0	0.0	0.328472	7.0	0.6
2013-02-09	3.125	7	7.0	0.037375	40	0.043	0.0	0.0	0.0	0.3594205	5.0	0.5
2013-02-10	3.541667	7	7.0	0.035917	41	0.044	0.0	0.0	0.0	0.3666665	5.0	0.4
2013-02-11	8.708333	31	33.0	0.0255	36	0.039	0.0	0.0	0.0	0.3791664999999999	6.0	0.6
2013-02-12	14.791667	39	41.0	0.02	37	0.04	0.375	4.0	3.0	0.65	18.0	2.7
2013-02-13	18.375	42	44.0	0.018417	38	0.041	0.61875	6.0	4.0	1.041667	28.0	5.0
2013-02-14	15.791667	29	31.0	0.020625	34	0.037	0.1583335	1.0	1.0	0.84375	34.0	3.0
2013-02-15	15.347826	37	39.0	0.020917	37	0.04	0.1295029999999999	1.0	1.0	0.4428445	7.0	0.9
2013-02-16	9.571429	25	27.0	0.024818	40	0.043	0.0732145	1.0	1.0	0.4619744999999999	7.0	0.6
2013-02-17	19.916667	25	26.0	0.017444	31	0.034	0.75	4.0	3.0	0.7041665	9.0	0.9
2013-02-18	22.166667	32	34.0	0.016625	31	0.034	0.7166669999999999	3.0	2.0	0.808333	10.0	1.6
2013-02-19	9.095238	30	32.0	0.033565	39	0.042	0.154762	1.0	1.0	0.307143	5.0	0.6
2013-02-20	4.4375	8	8.0	0.031462	37	0.04	0.0	0.0	0.0	0.3627405	5.0	0.5
2013-02-21	11.533333	28	30.0	0.0175	28	0.03	0.0384615	1.0	1.0	0.516923	9.0	1.6
2013-02-22	20.136364	40	42.0	0.015083	37	0.04	0.653788	4.0	3.0	1.1260295	30.0	4.7
2013-02-23	20.434783	44	47.0	0.027167	34	0.037	1.2518635	4.0	3.0	1.7002715	44.0	4.0
2013-02-24	6.782609	29	31.0	0.028667	39	0.042	0.0431675	1.0	1.0	0.3641305	6.0	0.8
2013-02-25	19.565217	43	46.0	0.018833	39	0.042	0.3164595	3.0	2.0	0.6397645000000001	14.0	2.1
2013-02-26	17.608696	35	37.0	0.025333	40	0.043	0.0863355	1.0	1.0	0.579348	16.0	1.4
2013-02-27	11.086957	38	40.0	0.030208	43	0.046	0.0	0.0	0.0	0.397645	6.0	0.8
2013-02-28	14.173913	39	41.0	0.028917	44	0.048	0.0	0.0	0.0	0.427627	6.0	1.1
2013-03-01	17.900000000000002	48	51.4	0.023875	44	0.048	0.463354	1.0	1.6	0.5706056666666667	14.0	2.228
2013-03-02	20.695652	42	44.8	0.021458	42	0.045	0.4065215	1.0	1.2	0.678286	15.0	1.759
2013-03-03	21.408696	45	48.6	0.024917	34	0.037	2.237578	9.0	6.4	0.8259815	16.0	2.607
2013-03-04	12.982609	41	43.3	0.023625	40	0.043	0.702795	4.0	3.4	0.7075035000000001	23.0	3.679
2013-03-05	22.521739	39	41.2	0.021333	34	0.037	1.473913	7.0	5.0	0.968058	27.0	2.4
2013-03-06	5.643478	10	11.5	0.038542	46	0.05	0.2108695	0.0	0.9	0.3347685	6.0	0.5
2013-03-07	5.326087	9	10.1	0.031583	36	0.039	0.297826	1.0	1.1	0.3185795	5.0	0.4
2013-03-08	7.4	26	28.2	0.035583	41	0.044	0.1158385	0.0	0.3	0.366551	6.0	0.749
2013-03-09	6.865217	21	22.8	0.033417	42	0.045	0.2180125	1.0	1.2	0.3756595	6.0	0.713
2013-03-10	9.852174	38	40.0	0.028	44	0.048	0.179193	0.0	0.5	0.373837	7.0	0.975
2013-03-11	19.882609	42	45.9	0.02325	44	0.048	0.490683	1.0	1.9	0.740337	19.0	3.061
2013-03-12	21.386957	42	45.5	0.024375	45	0.049	0.470497	1.0	1.6	0.9456665	25.0	3.036
2013-03-13	19.882609	42	45.4	0.021958	44	0.048	0.470497	1.0	1.8	0.6580980000000001	10.0	2.174
2013-03-14	21.1	46	49.7	0.019833	42	0.045	0.4934785	1.0	1.4	0.767377	15.0	2.214
2013-03-15	24.273913	51	54.1	0.031875	48	0.052	1.4263975	9.0	6.2	0.9354275	17.0	3.662
2013-03-16	14.491304	47	50.2	0.035208	51	0.055	0.7546585	4.0	3.4	0.500471	9.0	1.49
2013-03-17	9.691304	26	28.7	0.035292	49	0.053	0.3397515	1.0	1.4	0.421714	7.0	0.944
2013-03-18	17.7	38	40.9	0.027583	58	0.057	1.0552795	3.0	2.8	0.513174	7.0	1.433
2013-03-19	10.73913	30	32.7	0.030542	44	0.048	0.404348	1.0	1.8	0.477873	8.0	1.433
2013-03-20	12.973913	39	41.6	0.03475	44	0.048	1.271739	7.0	5.6	0.4823405	9.0	1.155
2013-03-21	6.0	12	13.4	0.044375	58	0.057	0.202174	0.0	0.4	0.3234245	5.0	0.4
2013-03-22	8.778261	42	45.1	0.04275	49	0.053	0.2611799999999999	1.0	1.3	0.370652	6.0	0.943
2013-03-23	11.1	31	33.1	0.038958	61	0.058	0.3403724999999999	0.0	0.9	0.4418805	7.0	0.778
2013-03-24	17.052174	49	52.2	0.0315	74	0.062	0.4857145	1.0	1.3	0.537123	8.0	1.33
2013-03-25	26.873913	53	56.1	0.027875	67	0.06	0.897826	3.0	2.3	0.840623	15.0	1.895
2013-03-26	18.530435	58	61.7	0.037542	50	0.054	1.747205	9.0	6.3	0.689355	13.0	2.257
2013-03-27	6.821739	27	29.8	0.03775	43	0.046	0.2381984999999999	0.0	0.9	0.362663	6.0	0.938
2013-03-28	21.156522	42	44.3	0.019667	40	0.043	1.977329	6.0	4.8	0.6741085	11.0	1.683
2013-03-29	17.021739	38	40.2	0.023958	45	0.049	1.410559	4.0	3.4	0.583558	14.0	1.277
2013-03-30	10.369565	25	27.4	0.037875	54	0.056	1.269876	4.0	3.5	0.448134	7.0	0.73
2013-03-31	2.117391	2	2.6	0.034542	35	0.038	0.104348	0.0	0.2	0.295348	3.0	0.31
2013-04-01	2.8	5	5.7	0.041375	44	0.048	0.090683	0.0	0.1	0.2989564999999999	3.0	0.316
2013-04-02	8.113043	43	46.7	0.03775	49	0.053	0.2180125	1.0	1.4	0.3617285	6.0	1.17
2013-04-03	15.191304	40	42.6	0.030458	48	0.052	0.4754655	3.0	2.9	0.5920835	16.0	3.349
2013-04-04	12.46087	36	38.8	0.039042	51	0.055	1.519876	7.0	5.5	0.619105	16.0	1.725
2013-04-05	3.052174	4	4.7	0.042167	45	0.049	0.1	0.0	0.1	0.299	3.0	0.334
2013-04-06	4.365217	11	12.6	0.043583	61	0.058	0.1381985	0.0	0.2	0.3132175	3.0	0.398
2013-04-07	10.695652	28	30.3	0.043708	77	0.063	0.934472	3.0	2.5	0.4458514999999999	7.0	1.037
2013-04-08	3.156522	15	16.0	0.04675	50	0.054	0.065528	0.0	0.2	0.3333695	5.0	0.472
2013-04-09	3.73913	8	8.5	0.042333	44	0.048	0.063354	0.0	0.1	0.3449165	5.0	0.403
2013-04-10	14.03913	42	44.1	0.026542	44	0.047	0.1770189999999999	0.0	0.6	0.4502645	8.0	1.147
2013-04-11	18.265217	35	37.7	0.027333	42	0.045	1.0055899999999998	4.0	3.2	0.616395	10.0	1.429
2013-04-12	20.421739	48	51.5	0.021917	45	0.049	1.6996895	7.0	5.8	0.6033010000000001	13.0	1.777
2013-04-13	13.226087	29	31.8	0.032792	46	0.05	1.3170805	4.0	3.7	0.669025	16.0	1.695
2013-04-14	7.204348	23	24.5	0.033708	46	0.05	0.5891305	3.0	2.9	0.3874999999999999	6.0	0.632
2013-04-15	6.5	20	21.6	0.03825	43	0.046	0.2130435	0.0	0.7	0.363812	6.0	0.69
2013-04-16	2.752174	4	4.4	0.05075	54	0.056	0.074845	0.0	0.1	0.307435	3.0	0.342
2013-04-17	5.269565	21	22.0	0.036542	43	0.046	0.0835405	0.0	0.2	0.313174	3.0	0.444
2013-04-18	12.186957	38	40.3	0.030833	46	0.05	0.268323	1.0	1.3	0.445551	9.0	1.514
2013-04-19	14.952174	45	48.0	0.02975	50	0.054	0.6940995	6.0	4.3	0.682975	18.0	3.754
2013-04-20	27.186957	60	62.5	0.029292	87	0.066	1.374845	4.0	3.7	1.3164924999999998	31.0	3.854
2013-04-21	18.804348	42	45.6	0.034125	64	0.059	2.2335405	14.0	10.7	0.8447610000000001	19.0	2.175
2013-04-22	15.582609	37	39.9	0.028208	49	0.053	2.018323	7.0	5.0	0.491203	8.0	1.136
2013-04-23	13.0	31	33.7	0.029458	49	0.053	0.3857145	1.0	1.1	0.444356	6.0	1.007
2013-04-24	14.008696	39	41.8	0.034	44	0.047	0.66118	1.0	1.9	0.574384	11.0	1.702
2013-04-25	5.726087	20	21.4	0.03175	42	0.045	0.174845	0.0	0.6	0.335348	6.0	0.691
2013-04-26	16.773913	50	53.0	0.040083	105	0.072	1.3149069999999998	3.0	2.4	0.6012500000000001	11.0	1.641
2013-04-27	10.813043	51	54.3	0.046333	84	0.065	0.2965839999999999	1.0	1.5	0.4797355	11.0	1.671
2013-04-28	3.817391	7	7.7	0.051042	67	0.06	0.158385	0.0	0.3	0.355862	8.0	0.7
2013-04-29	9.986957	48	51.3	0.052458	101	0.071	0.3496895	1.0	1.5	0.415547	7.0	1.517
2013-04-30	10.113043	31	33.9	0.037583	58	0.057	0.9863355	4.0	3.2	0.410645	7.0	1.024
2013-05-01	9.169565	21	22.2	0.041625	64	0.059	0.6639755	3.0	2.7	0.4136775	6.0	0.695
2013-05-02	9.186957	32	34.5	0.045917	74	0.062	0.2065215	0.0	0.7	0.3634205	6.0	0.93
2013-05-03	11.582609	43	46.7	0.039917	54	0.056	0.192857	0.0	0.3	0.412058	7.0	0.948
2013-05-04	13.830435	60	62.8	0.054958	115	0.075	1.4913045	9.0	6.6	0.5731919999999999	11.0	1.968
2013-05-05	4.208696	14	15.7	0.048833	71	0.061	0.479193	1.0	1.7	0.339663	5.0	0.459
2013-05-06	5.173913	25	27.1	0.030917	34	0.037	0.292857	1.0	1.7	0.3482315	6.0	0.755
2013-05-07	2.869565	4	4.8	0.041958	45	0.049	0.07205	0.0	0.1	0.2983694999999999	3.0	0.322
2013-05-08	3.491304	6	6.1	0.046375	50	0.054	0.072671	0.0	0.2	0.303674	3.0	0.342
2013-05-09	4.617391	8	8.1	0.049917	90	0.067	0.2223605	0.0	0.7	0.3279419999999999	5.0	0.463
2013-05-10	9.956522	58	61.3	0.0425	67	0.06	0.263354	3.0	2.2	0.404192	7.0	1.615
2013-05-11	10.191304	37	39.9	0.038375	64	0.059	0.2338505	0.0	0.7	0.405286	8.0	1.065
2013-05-12	14.617391	48	51.5	0.039708	90	0.067	0.6639755	1.0	1.7	0.496895	9.0	1.762
2013-05-13	19.865217	41	43.5	0.045208	101	0.071	1.2223605	6.0	4.6	0.6141595	11.0	1.223
2013-05-14	9.0	29	31.3	0.048958	90	0.067	1.2329195	7.0	5.1	0.401902	6.0	0.776
2013-05-15	8.6	22	23.4	0.045125	77	0.063	0.704348	4.0	3.0	0.384536	6.0	0.646
2013-05-16	9.043478	22	23.1	0.043958	71	0.061	0.7475155	6.0	4.3	0.4002825	6.0	0.669
2013-05-17	9.334783	36	38.9	0.036833	40	0.043	0.4829195	3.0	2.0	0.429775	8.0	1.256
2013-05-18	3.626087	9	10.3	0.046042	61	0.058	0.170497	0.0	0.2	0.3185795	5.0	0.507
2013-05-19	8.269565	18	19.7	0.042958	105	0.072	0.4475155	1.0	1.1	0.393098	6.0	0.565
2013-05-20	14.734783	38	40.9	0.030458	58	0.057	0.4086955	1.0	1.2	0.507475	8.0	1.273
2013-05-21	10.991304	35	37.9	0.0575	108	0.073	0.351242	1.0	1.3	0.525011	13.0	1.771
2013-05-22	10.204348	50	53.3	0.054167	80	0.064	0.9236025	7.0	5.3	0.437464	8.0	1.341
2013-05-23	8.534783	27	29.8	0.046667	67	0.06	0.4891305	1.0	1.4	0.398435	7.0	0.806
2013-05-24	14.154167	101	101.3	0.045042	101	0.071	0.832298	3.0	2.8	0.509354	9.0	2.858
2013-05-25	14.308333	111	156.9	0.051417	97	0.069	0.531677	1.0	1.8	0.5558125	11.0	4.377
2013-05-26	6.7	27	29.1	0.045875	74	0.062	0.7913045000000001	3.0	2.8	0.375975	6.0	0.809
2013-05-27	2.673913	5	5.0	0.0455	58	0.057	0.195031	0.0	0.5	0.2979564999999999	3.0	0.341
2013-05-28	8.256522	34	36.5	0.039792	48	0.052	0.482298	4.0	3.0	0.3913335	7.0	0.932
2013-05-29	13.83913	25	27.2	0.030458	51	0.055	1.153106	6.0	4.5	0.4609315	7.0	0.773
2013-05-30	10.430435	16	17.6	0.028125	44	0.048	1.335093	4.0	3.4	0.401362	6.0	0.563
2013-05-31	11.217391	28	30.4	0.035875	115	0.075	1.822671	4.0	3.7	0.412366	6.0	0.57
2013-06-01	16.769565	45	48.1	0.035792	90	0.067	1.387578	3.0	2.4	0.5010035	8.0	1.166
2013-06-02	8.765217	19	20.0	0.028083	38	0.041	1.1086955	6.0	4.4	0.401598	8.0	0.7
2013-06-03	10.021739	20	21.5	0.034833	67	0.06	0.7388199999999999	4.0	3.0	0.4194315	6.0	0.695
2013-06-04	8.047826	18	19.8	0.041583	77	0.063	0.428882	1.0	1.1	0.390438	6.0	0.723
2013-06-05	13.704348	38	40.3	0.050625	108	0.073	1.7565215	10.0	7.5	0.475837	8.0	1.04
2013-06-06	11.986957	28	30.3	0.057	182	0.098	2.414596	10.0	7.8	0.4560324999999999	7.0	0.851
2013-06-07	20.526087	33	35.7	0.031333	61	0.058	2.0947205	10.0	7.3	0.4260075	8.0	0.851
2013-06-08	8.017391	14	15.9	0.024792	34	0.037	1.0826085	3.0	2.8	0.360163	6.0	0.515
2013-06-09	8.073913	17	18.4	0.027708	41	0.044	1.699068	7.0	5.4	0.4270435	6.0	0.596
2013-06-10	7.726087	16	17.4	0.041417	74	0.062	2.075155	11.0	8.6	0.452551	7.0	0.703
2013-06-11	17.2	55	58.6	0.041042	97	0.069	1.7161494999999998	10.0	7.0	0.485562	10.0	1.409
2013-06-12	10.247826	22	23.5	0.036292	50	0.054	1.371118	4.0	3.1	0.500275	10.0	0.9
2013-06-13	10.282609	21	22.9	0.040042	93	0.068	1.104969	3.0	2.7	0.4199454999999999	6.0	0.637
2013-06-14	9.213043	16	17.9	0.034708	74	0.062	0.6102485	3.0	2.8	0.406315	6.0	0.683
2013-06-15	5.708696	14	15.1	0.044833	67	0.06	0.579193	3.0	2.7	0.3551229999999999	5.0	0.541
2013-06-16	4.573913	11	12.4	0.054792	97	0.069	0.2381984999999999	0.0	0.6	0.3218985	5.0	0.449
2013-06-17	11.186957	27	29.5	0.052625	129	0.079	1.2903725	6.0	4.9	0.4846555	7.0	1.358
2013-06-18	10.517391	22	23.4	0.05225	115	0.075	1.370497	6.0	4.6	0.5080035	8.0	1.117
2013-06-19	9.813043	46	49.1	0.0525	119	0.076	1.1378885	4.0	3.5	0.419786	7.0	1.031
2013-06-20	10.030435	25	26.9	0.045375	97	0.069	1.1919255	4.0	3.3	0.41121	6.0	0.721
2013-06-21	10.383333	22	23.6	0.047375	122	0.077	0.8666665	3.0	2.2	0.450542	7.0	0.756
2013-06-22	9.617391	29	31.5	0.048625	119	0.076	1.242236	6.0	4.4	0.4237535	6.0	0.657
2013-06-23	5.534783	14	15.8	0.045125	67	0.06	0.604348	1.0	1.6	0.348025	5.0	0.619
2013-06-24	7.526087	19	20.0	0.0345	58	0.057	0.5981365	1.0	1.4	0.373	6.0	0.611
2013-06-25	10.86087	27	29.5	0.023917	38	0.041	0.9142855	3.0	2.3	0.398964	7.0	0.968
2013-06-26	10.447826	19	20.2	0.022042	39	0.042	1.576708	6.0	4.0	0.430062	6.0	0.663
2013-06-27	10.626087	19	20.1	0.037042	87	0.066	1.892857	4.0	3.7	0.4582064999999999	6.0	0.645
2013-06-28	6.691304	25	26.7	0.037833	54	0.056	0.426708	1.0	1.8	0.370953	6.0	0.746
2013-06-29	8.795652	17	18.9	0.031708	61	0.058	0.6459630000000001	3.0	2.0	0.3983044999999999	5.0	0.551
2013-06-30	7.695652	15	16.6	0.022708	40	0.043	1.203416	6.0	4.2	0.397949	6.0	0.52
2013-07-01	7.43913	13	14.9	0.028	40	0.043	1.071118	6.0	4.1	0.392598	6.0	0.556
2013-07-02	6.93913	21	22.4	0.028208	45	0.049	0.4785715	0.0	0.8	0.3519045	6.0	0.656
2013-07-03	13.008696	29	31.1	0.025458	45	0.049	1.7913045	9.0	6.3	0.5371159999999999	9.0	1.121
2013-07-04	7.804348	12	13.2	0.020125	34	0.037	1.070497	3.0	2.4	0.3885725	5.0	0.556
2013-07-05	7.23913	9	10.7	0.020708	31	0.033	0.9618015	1.0	1.9	0.3506304999999999	5.0	0.417
2013-07-06	11.634783	19	20.0	0.02975	90	0.067	2.387267	9.0	6.5	0.4149315	6.0	0.537
2013-07-07	6.943478	15	16.0	0.041583	87	0.066	1.2798135	3.0	2.7	0.3854349999999999	6.0	0.554
2013-07-08	10.673913	32	34.8	0.031792	64	0.059	1.2847825	4.0	3.3	0.41171	6.0	0.848
2013-07-09	6.691304	13	14.0	0.0165	25	0.027	0.4180124999999999	0.0	0.8	0.3457175	5.0	0.421
2013-07-10	7.53913	13	14.2	0.021583	29	0.031	0.4770189999999999	0.0	0.8	0.3508405	5.0	0.438
2013-07-11	6.773913	18	19.6	0.025375	39	0.042	0.2496894999999999	0.0	0.3	0.3328405	5.0	0.718
2013-07-12	13.952174	24	25.1	0.032458	97	0.069	0.8208070000000001	3.0	2.3	0.467464	7.0	0.841
2013-07-13	9.256522	15	16.9	0.028167	64	0.059	0.945963	1.0	1.6	0.391877	6.0	0.609
2013-07-14	8.547826	16	17.7	0.023125	41	0.044	1.3006215	4.0	3.7	0.355058	5.0	0.49
2013-07-15	7.838095	18	19.5	0.036625	71	0.061	0.7080744999999999	1.0	1.7	0.3785075	6.0	0.612
2013-07-16	5.804348	16	17.7	0.037833	44	0.048	0.5745345	4.0	3.0	0.3043915	3.0	0.445
2013-07-17	11.642857	16	17.3	0.024615	31	0.034	0.590625	3.0	2.7	0.3253055	5.0	0.457
2013-07-18	12.671429	22	23.7	0.020692	34	0.037	0.4624999999999999	0.0	0.5	0.2448	3.0	0.371
2013-07-19	10.457143	22.0	23.7	0.0312525	122.0	0.077	0.64230775	3.0	2.1	0.2292445	3.0	0.371
2013-07-20	10.457143	22.0	23.7	0.0312525	122.0	0.077	0.64230775	3.0	2.1	0.2292445	3.0	0.371
2013-07-21	10.457143	22.0	23.7	0.0312525	122.0	0.077	0.64230775	3.0	2.1	0.2292445	3.0	0.371
2013-07-22	10.457143	22.0	23.7	0.0312525	122.0	0.077	0.64230775	3.0	2.1	0.2292445	3.0	0.371
2013-07-23	8.242857	13	14.5	0.041813	122	0.077	0.8221155	3.0	2.1	0.213689	3.0	0.337
2013-07-24	10.191304	19	20.8	0.037292	100	0.07	1.146584	3.0	2.6	0.219725	3.0	0.36
2013-07-25	9.563636	20	21.7	0.02125	31	0.034	0.92803	3.0	2.5	0.2124775	3.0	0.327
2013-07-26	9.983333	18	19.1	0.025583	44	0.048	1.0479165	3.0	2.5	0.208146	2.0	0.337
2013-07-27	8.165217	19	20.3	0.046708	87	0.066	1.011491	3.0	2.4	0.231279	3.0	0.359
2013-07-28	6.395652	24	25.3	0.03125	44	0.047	0.9847825	4.0	3.9	0.1724315	3.0	0.516
2013-07-29	9.678261	24	25.9	0.027083	48	0.052	1.143789	6.0	4.7	0.20921	3.0	0.551
2013-07-30	7.413636	16	17.8	0.027263	42	0.045	0.7454544999999999	1.0	1.9	0.184879	2.0	0.432
2013-07-31	8.2220355	18.0	19.1	0.032673	51.0	0.055	0.85688875	9.0	6.1	0.19181125	3.0	0.432
2013-08-01	9.030435	18	19.1	0.038083	51	0.055	0.968323	9.0	6.1	0.1987435	3.0	0.406
2013-08-02	10.273913	33	35.6	0.044042	101	0.071	0.4770189999999999	1.0	1.1	0.246301	5.0	0.697
2013-08-03	6.43913	17	18.1	0.042667	77	0.063	0.4835405	3.0	2.7	0.1854055	2.0	0.375
2013-08-04	5.704348	16	17.5	0.038833	58	0.057	0.5431675	1.0	1.5	0.1787139999999999	2.0	0.33
2013-08-05	9.504348	24	25.9	0.02825	39	0.042	0.9164595	3.0	2.2	0.227388	3.0	0.499
2013-08-06	10.013043	25	26.7	0.031583	46	0.05	1.176087	6.0	4.6	0.2271485	3.0	0.568
2013-08-07	7.443478	22	23.6	0.037458	48	0.052	0.379193	1.0	1.0	0.197413	5.0	0.575
2013-08-08	6.017391	28	30.6	0.035417	44	0.047	0.1453415	0.0	0.8	0.1685289999999999	3.0	0.932
2013-08-09	4.617391	9	10.4	0.039542	61	0.058	0.36118	1.0	1.0	0.1197139999999999	2.0	0.2
2013-08-10	9.108696	29	31.7	0.037333	45	0.049	0.9841615	3.0	2.6	0.230935	5.0	0.729
2013-08-11	7.826087	26	28.6	0.042833	67	0.06	0.5065215000000001	1.0	1.4	0.21075	3.0	0.546
2013-08-12	14.713043	31	33.0	0.040708	129	0.079	1.2819875	4.0	3.2	0.325029	6.0	0.838
2013-08-13	10.947826	20	21.3	0.027625	43	0.046	1.543939	6.0	4.5	0.2567355	3.0	0.527
2013-08-14	10.752174	21	22.1	0.033042	71	0.061	1.009317	3.0	2.1	0.249489	3.0	0.432
2013-08-15	11.778261	25	27.3	0.03625	50	0.054	1.468944	6.0	4.0	0.233884	3.0	0.483
2013-08-16	9.547826	29	31.5	0.038833	67	0.06	1.0639755	3.0	2.8	0.2393549999999999	5.0	0.883
2013-08-17	10.147826	23	24.1	0.031542	47	0.051	1.450932	7.0	5.2	0.2261989999999999	3.0	0.343
2013-08-18	7.634783	16	17.3	0.030125	39	0.042	1.2164595	6.0	4.0	0.1818985	3.0	0.304
2013-08-19	11.534783	26	28.2	0.031375	48	0.052	0.5360245	1.0	1.1	0.2373405	3.0	0.915
2013-08-20	11.66087	28	30.6	0.038208	54	0.056	0.765528	3.0	2.7	0.2693225	6.0	0.673
2013-08-21	13.565217	28	30.6	0.030667	44	0.047	1.2531059999999998	4.0	3.1	0.2647899999999999	5.0	0.64
2013-08-22	8.491304	16	17.3	0.035875	44	0.047	0.497826	1.0	1.4	0.2528585	3.0	0.568
2013-08-23	10.565217	25	27.0	0.032958	43	0.046	0.6913045	4.0	3.5	0.2434239999999999	3.0	0.58
2013-08-24	6.686957	17	18.2	0.024583	30	0.032	0.146894	0.0	0.4	0.210638	3.0	0.386
2013-08-25	7.478261	15	16.4	0.018375	21	0.023	0.1403725	0.0	0.3	0.200623	3.0	0.326
2013-08-26	6.808696	16	17.9	0.023042	34	0.037	0.1	0.0	0.1	0.1390325	2.0	0.256
2013-08-27	11.521739	23	24.6	0.028792	49	0.053	0.1857145	0.0	0.3	0.170464	2.0	0.342
2013-08-28	10.16087	27	29.6	0.036375	64	0.059	0.2201865	0.0	0.4	0.184837	2.0	0.415
2013-08-29	6.734783	11	12.8	0.017542	24	0.026	0.154037	0.0	0.3	0.1780145	2.0	0.258
2013-08-30	11.834783	18	19.0	0.01975	37	0.04	0.4015525	0.0	0.6	0.255438	3.0	0.544
2013-08-31	7.617391	17	18.0	0.034208	74	0.062	0.2425464999999999	0.0	0.5	0.188301	3.0	0.3
2013-09-01	9.591304	23	24.8	0.031292	46	0.05	0.5546585	1.0	1.0	0.2090145	5.0	0.566
2013-09-02	12.870833	32	34.4	0.026375	51	0.055	0.7020835000000001	6.0	4.5	0.2373124999999999	6.0	0.809
2013-09-03	18.341667	38	40.9	0.030167	90	0.067	0.5416664999999999	1.0	1.0	0.379104	6.0	1.128
2013-09-04	15.613043	38	40.6	0.02175	39	0.042	0.2835405	0.0	0.5	0.3207029999999999	5.0	0.991
2013-09-05	10.278261	22	23.0	0.037167	64	0.059	0.2518635	0.0	0.4	0.1902315	5.0	0.4
2013-09-06	18.517391	64	66.1	0.036792	74	0.062	1.1624219999999998	4.0	3.9	0.37279	9.0	1.517
2013-09-07	7.921739	18	19.1	0.031375	46	0.05	0.17205	0.0	0.3	0.1993295	3.0	0.38
2013-09-08	12.0	28	30.4	0.03775	67	0.06	0.1875	0.0	0.5	0.2659165	6.0	0.773
2013-09-09	9.616667	23	24.4	0.048417	126	0.078	0.3833335	0.0	0.9	0.2343124999999999	3.0	0.566
2013-09-10	12.952174	24	25.8	0.032417	49	0.053	0.5863354999999999	1.0	1.4	0.2508915	5.0	0.583
2013-09-11	12.66087	22	23.7	0.02925	44	0.048	1.142236	6.0	4.7	0.265873	3.0	0.649
2013-09-12	15.113043	44	47.0	0.031417	47	0.051	0.4770189999999999	1.0	1.3	0.2528585	3.0	0.766
2013-09-13	13.365217	49	52.1	0.03975	77	0.063	0.6934785000000001	3.0	2.3	0.2558515	6.0	0.991
2013-09-14	17.973913	58	61.0	0.036333	97	0.069	0.5863354999999999	1.0	1.5	0.334812	8.0	1.001
2013-09-15	18.147826	51	54.2	0.038583	97	0.069	0.8618015	3.0	2.8	0.4213225	9.0	1.643
2013-09-16	9.182609	26	28.1	0.043083	64	0.059	0.469876	1.0	1.4	0.238373	8.0	0.7
2013-09-17	5.390476	9	10.4	0.047632	54	0.056	0.4261904999999999	3.0	2.0	0.1627704999999999	2.0	0.211
2013-09-18	13.586957	54	57.6	0.034792	51	0.055	0.8869565	6.0	4.6	0.2873225	6.0	1.108
2013-09-19	30.85625	49	52.8	0.008692	16	0.017	1.55625	4.0	3.7	0.618844	10.0	1.714
2013-09-20	19.2	41	43.9	0.033833	84	0.065	1.7947205	10.0	7.4	0.4867825	10.0	1.789
2013-09-21	6.621739	26	28.5	0.041	74	0.062	0.3453415	1.0	1.2	0.2121955	3.0	0.627
2013-09-22	5.243478	18	19.1	0.035333	44	0.047	0.1295029999999999	0.0	0.2	0.1408694999999999	2.0	0.321
2013-09-23	12.973913	41	43.3	0.026833	45	0.049	0.3158385	1.0	1.5	0.271395	7.0	1.452
2013-09-24	20.356522	45	48.1	0.036042	67	0.06	1.6673915	10.0	7.4	0.5541085	11.0	2.198
2013-09-25	9.213043	34	36.7	0.039042	44	0.048	0.920807	4.0	3.8	0.3027425	7.0	1.077
2013-09-26	3.926087	10	11.4	0.041542	43	0.046	0.135404	0.0	0.4	0.161725	2.0	0.272
2013-09-27	8.747826	27	29.5	0.027417	37	0.04	0.1360245	0.0	0.3	0.2011305	3.0	0.49
2013-09-28	9.508696	29	31.1	0.028917	41	0.044	0.1518635	0.0	0.3	0.2303295	5.0	0.647
2013-09-29	13.117391	48	51.5	0.0375	61	0.058	0.3863355	1.0	1.7	0.3176955	8.0	1.64
2013-09-30	20.295652	46	49.7	0.03025	64	0.059	1.519876	7.0	5.7	0.533699	10.0	1.915
2013-10-01	17.443478	44	47.5	0.026208	49	0.053	1.813354	10.0	7.2	0.361808	6.0	1.008
2013-10-02	14.03913	25	27.1	0.020667	41	0.044	0.964596	4.0	3.4	0.324562	6.0	0.913
2013-10-03	10.877778	24	25.4	0.037208	51	0.055	1.068944	6.0	4.4	0.3267285	7.0	0.995
2013-10-04	7.33913	20	21.9	0.028375	37	0.04	0.1338504999999999	0.0	0.3	0.1812969999999999	2.0	0.303
2013-10-05	6.826087	18	19.4	0.029542	38	0.041	0.1245344999999999	0.0	0.3	0.1735075	2.0	0.391
2013-10-06	9.46087	28	30.4	0.031792	45	0.049	0.192857	0.0	0.4	0.2121555	5.0	0.615
2013-10-07	13.856522	42	44.7	0.033583	43	0.046	0.343831	1.0	1.1	0.366913	6.0	2.007
2013-10-08	12.108696	40	42.9	0.037375	51	0.055	1.767208	11.0	8.4	0.3930545	9.0	1.64
2013-10-09	3.134783	5	5.9	0.040125	41	0.044	0.163354	0.0	0.8	0.1596595	2.0	0.2
2013-10-10	7.908696	30	32.8	0.031708	44	0.048	0.1766235	0.0	0.8	0.191261	5.0	1.056
2013-10-11	13.004348	30	32.6	0.029125	49	0.053	0.165528	0.0	0.3	0.2719165	5.0	0.694
2013-10-12	17.330435	49	52.4	0.03125	51	0.055	0.36118	1.0	1.8	0.4140725	10.0	1.809
2013-10-13	7.391304	24	25.1	0.042583	64	0.059	0.6	3.0	2.0	0.295551	10.0	0.9
2013-10-14	11.334783	26	28.2	0.032208	48	0.052	0.156211	0.0	0.3	0.2200185	3.0	0.416
2013-10-15	14.252174	35	37.0	0.028556	41	0.044	0.1878885	0.0	0.8	0.335779	6.0	1.154
2013-10-16	20.3195655	48.0	51.1	0.0332065	58.0	0.057	0.80124225	6.0	4.8	0.7208025	23.0	4.014
2013-10-17	20.3195655	48.0	51.1	0.0332065	58.0	0.057	0.80124225	6.0	4.8	0.7208025	23.0	4.014
2013-10-18	20.3195655	48.0	51.1	0.0332065	58.0	0.057	0.80124225	6.0	4.8	0.7208025	23.0	4.014
2013-10-19	20.3195655	48.0	51.1	0.0332065	58.0	0.057	0.80124225	6.0	4.8	0.7208025	23.0	4.014
2013-10-20	20.3195655	48.0	51.1	0.0332065	58.0	0.057	0.80124225	6.0	4.8	0.7208025	23.0	4.014
2013-10-21	26.386957	48	51.1	0.037857	58	0.057	1.414596	6.0	4.8	1.105826	23.0	4.014
2013-10-22	21.181818	40	42.4	0.020292	45	0.049	0.6204545	1.0	1.6	0.5272725	17.0	1.5
2013-10-23	21.365217	40	42.0	0.016792	37	0.04	0.6518634999999999	3.0	2.0	0.5422935	10.0	1.746
2013-10-24	22.582609	43	46.1	0.021375	44	0.048	1.0	4.0	3.7	0.7976160000000001	17.0	3.417
2013-10-25	27.143478	73	75.7	0.02375	58	0.057	1.2618014999999998	6.0	4.4	1.0060945	17.0	3.142
2013-10-26	19.330435	37	39.1	0.021292	43	0.046	0.68882	3.0	2.7	0.5820075	17.0	2.125
2013-10-27	8.369565	26	28.1	0.034958	51	0.055	0.377019	1.0	1.6	0.2734055	6.0	1.0
2013-10-28	2.926087	7	7.9	0.029167	31	0.034	0.1	0.0	0.1	0.1159349999999999	1.0	0.18
2013-10-29	4.718182	11	12.8	0.0305	34	0.037	0.0916665	0.0	0.2	0.149	2.0	0.258
2013-10-30	14.942105	34	36.6	0.0135	31	0.033	0.3226315	0.0	0.9	0.3994605	10.0	1.463
2013-10-31	16.9	32	34.5	0.016875	35	0.038	0.5913045	3.0	2.6	0.5633915	15.0	2.19
2013-11-01	17.26087	35	37.1	0.017667	35	0.038	0.5546585	3.0	2.0	0.7119815	17.0	3.1
2013-11-02	15.33913	33	35.0	0.022458	37	0.04	0.5524845	3.0	2.0	0.5666305	18.0	1.767
2013-11-03	8.865217	24	25.8	0.033208	47	0.051	1.1223605	7.0	5.4	0.3161665	8.0	0.7
2013-11-04	9.868972	27.0	29.0	0.028854	47.0	0.051	0.6634530000000001	7.0	5.4	0.32347324999999993	8.0	1.015
2013-11-05	9.868972	27.0	29.0	0.028854	47.0	0.051	0.6634530000000001	7.0	5.4	0.32347324999999993	8.0	1.015
2013-11-06	10.872727	27	29.0	0.0245	36	0.039	0.2045455	0.0	0.4	0.3307799999999999	5.0	1.015
2013-11-07	16.095652	34	36.5	0.015917	35	0.038	0.3475155	0.0	0.8	0.369163	8.0	0.984
2013-11-08	21.495652	41	43.3	0.01425	33	0.036	0.9164595	6.0	4.9	0.697638	19.0	3.476
2013-11-09	27.069565	43	46.0	0.01675	39	0.042	2.046894	7.0	5.6	1.24225	28.0	3.785
2013-11-10	18.217391	35	37.2	0.02475	45	0.049	0.9686335	3.0	2.3	0.546025	10.0	1.621
2013-11-11	12.634783	31	33.4	0.024333	39	0.042	0.3108695	0.0	0.8	0.2894565	7.0	0.841
2013-11-12	15.078947	32	34.5	0.019875	30	0.032	0.2993785	0.0	0.7	0.2672609999999999	5.0	0.935
2013-11-13	20.045455	44	47.4	0.017958	37	0.04	0.556061	3.0	2.8	0.396409	7.0	1.544
2013-11-14	24.895652	49	52.5	0.013917	32	0.035	1.585404	7.0	5.4	0.8372575	23.0	2.634
2013-11-15	10.152174	27	29.0	0.027792	37	0.04	0.6108695000000001	3.0	2.0	0.388163	23.0	2.0
2013-11-16	8.134783	26	28.2	0.031958	40	0.043	0.4496895	1.0	1.5	0.241812	6.0	0.614
2013-11-17	12.856522	34	36.4	0.024208	39	0.042	0.606818	3.0	2.5	0.3454925	8.0	1.542
2013-11-18	13.047826	30	32.9	0.022875	35	0.038	0.3381985	1.0	1.3	0.3384965	8.0	1.757
2013-11-19	9.244444	19	20.4	0.0185	25	0.027	0.21	0.0	0.4	0.3275	8.0	0.7
2013-11-20	14.633760500000001	31.0	33.1	0.0159375	27.0	0.029	0.42456525	1.0	1.6	0.8673195	38.0	3.3
2013-11-21	14.633760500000001	31.0	33.1	0.0159375	27.0	0.029	0.42456525	1.0	1.6	0.8673195	38.0	3.3
2013-11-22	14.633760500000001	31.0	33.1	0.0159375	27.0	0.029	0.42456525	1.0	1.6	0.8673195	38.0	3.3
2013-11-23	14.633760500000001	31.0	33.1	0.0159375	27.0	0.029	0.42456525	1.0	1.6	0.8673195	38.0	3.3
2013-11-24	14.633760500000001	31.0	33.1	0.0159375	27.0	0.029	0.42456525	1.0	1.6	0.8673195	38.0	3.3
2013-11-25	14.633760500000001	31.0	33.1	0.0159375	27.0	0.029	0.42456525	1.0	1.6	0.8673195	38.0	3.3
2013-11-26	20.023077	31	33.1	0.013375	27	0.029	0.6391305	1.0	1.6	1.407139	38.0	3.3
2013-11-27	18.036364	37	39.0	0.014458	31	0.033	0.369697	1.0	1.2	0.4195155	11.0	2.136
2013-11-28	17.926087	33	35.0	0.014958	31	0.033	0.4180124999999999	1.0	1.3	0.433935	11.0	1.027
2013-11-29	22.334783	38	40.1	0.015917	34	0.037	0.56118	3.0	2.0	0.6226119999999999	13.0	2.201
2013-11-30	16.995652	37	39.2	0.018292	35	0.038	0.395031	1.0	1.0	0.466725	13.0	1.757
2013-12-01	15.769565	32	34.9	0.01875	34	0.037	0.426708	1.0	1.3	0.504185	14.0	2.082
2013-12-02	24.873913	39	41.0	0.010042	23	0.025	0.987987	3.0	2.5	0.974627	19.0	2.988
2013-12-03	18.1	34	36.1	0.019917	33	0.036	1.5170804999999998	7.0	5.2	0.6910545	26.0	2.3
2013-12-04	11.886957	33	35.5	0.024458	39	0.042	0.2158385	0.0	0.6	0.2385399999999999	7.0	1.075
2013-12-05	19.295652	34	36.8	0.016292	32	0.035	0.4360245	1.0	1.1	0.4908915	10.0	1.393
2013-12-06	26.447826	40	42.9	0.015125	28	0.03	1.1257765	4.0	3.1	0.8819095	15.0	3.073
2013-12-07	10.865217	31	33.7	0.030458	35	0.038	0.5742235	3.0	2.9	0.404225	14.0	1.2
2013-12-08	7.247826	23	24.0	0.026042	35	0.038	0.17205	0.0	0.3	0.178424	3.0	0.4
2013-12-09	12.630435	26	28.3	0.023458	33	0.036	0.2173915	0.0	0.7	0.3689675	9.0	1.729
2013-12-10	18.126087	35	37.8	0.016458	33	0.036	0.545963	3.0	2.1	0.5642175	16.0	2.48
2013-12-11	20.082609	35	37.0	0.015125	30	0.032	0.5447204999999999	4.0	3.6	0.5196160000000001	17.0	1.5
2013-12-12	21.643478	38	40.2	0.014292	30	0.032	1.0552795	4.0	3.4	0.937848	30.0	4.806
2013-12-13	31.591304	50	53.6	0.013833	26	0.028	1.7652175	4.0	3.5	2.604596	56.0	6.547
2013-12-14	12.991304	32	34.5	0.023417	35	0.038	0.326708	1.0	1.0	0.240971	5.0	0.964
2013-12-15	15.108696	31	33.1	0.02	35	0.038	0.4136645	1.0	1.3	0.3517424999999999	8.0	0.944
2013-12-16	22.278261	41	43.0	0.012458	27	0.029	0.7754655	3.0	2.3	0.838663	16.0	2.731
2013-12-17	21.078261	36	38.9	0.010875	27	0.029	0.690683	1.0	1.6	0.693721	16.0	2.049
2013-12-18	30.765	46	49.9	0.004824	12	0.013	1.48	4.0	3.4	1.095953	18.0	3.096
2013-12-19	18.530326	46.0	49.9	0.016891	33.0	0.036	0.8252485	4.0	3.4	0.64964125	18.0	3.096
2013-12-20	6.295652	11	12.9	0.028958	33	0.036	0.170497	0.0	0.3	0.2033295	3.0	0.315
2013-12-21	22.830435	36	38.4	0.012167	25	0.027	1.299068	6.0	4.1	0.5963149999999999	9.0	1.15
2013-12-22	16.552174	27	29.6	0.015417	31	0.033	0.8552795	4.0	3.7	0.5925795	9.0	1.44
2013-12-23	17.1	37	39.3	0.017667	33	0.036	0.395031	1.0	1.0	0.433895	9.0	1.185
2013-12-24	16.743478	36	38.7	0.018708	32	0.035	0.611491	3.0	2.6	0.668116	18.0	3.74
2013-12-25	10.152174	31	33.6	0.022583	34	0.037	0.3130435	0.0	0.7	0.3934925	18.0	1.6
2013-12-26	18.4	34	36.1	0.018042	35	0.038	0.5366460000000001	3.0	2.0	0.488087	9.0	1.648
2013-12-27	20.904348	45	48.3	0.0145	31	0.034	1.2378885	6.0	4.6	1.0306485	30.0	5.244
2013-12-28	23.647826	39	41.5	0.008625	19	0.02	0.9381985	3.0	2.3	1.041725	31.0	2.7
2013-12-29	15.721739	29	31.5	0.019375	33	0.036	0.4518635	1.0	1.4	0.4766555	13.0	1.413
2013-12-30	21.656522	44	47.7	0.015792	32	0.035	1.1897515	7.0	5.2	1.0358225	34.0	5.011
2013-12-31	21.378261	36	38.8	0.016105	29	0.031	0.722981	3.0	2.4	1.1296955	43.0	4.272
2014-01-01	17.078261	26	28.9	0.017125	36	0.039	1.1850930000000002	6.0	4.4	0.7031229999999999	14.0	2.617
2014-01-02	18.717391	37	39.3	0.012417	29	0.031	0.535404	1.0	1.0	0.85	10.0	0.9
2014-01-03	29.401003	68.0	70.7	0.011896	30.0	0.032	0.9498447499999999	3.0	2.9	0.80325375	10.0	1.328
2014-01-04	29.401003	68.0	70.7	0.011896	30.0	0.032	0.9498447499999999	3.0	2.9	0.80325375	10.0	1.328
2014-01-05	29.401003	68.0	70.7	0.011896	30.0	0.032	0.9498447499999999	3.0	2.9	0.80325375	10.0	1.328
2014-01-06	29.401003	68.0	70.7	0.011896	30.0	0.032	0.9498447499999999	3.0	2.9	0.80325375	10.0	1.328
2014-01-07	29.401003	68.0	70.7	0.011896	30.0	0.032	0.9498447499999999	3.0	2.9	0.80325375	10.0	1.328
2014-01-08	29.401003	68.0	70.7	0.011896	30.0	0.032	0.9498447499999999	3.0	2.9	0.80325375	10.0	1.328
2014-01-09	29.401003	68.0	70.7	0.011896	30.0	0.032	0.9498447499999999	3.0	2.9	0.80325375	10.0	1.328
2014-01-10	40.084615	68	70.7	0.011375	30	0.032	1.3642854999999998	3.0	2.9	0.7565075	9.0	1.328
2014-01-11	32.773913	72	74.7	0.013958	36	0.039	1.350932	6.0	4.8	1.124051	24.0	3.267
2014-01-12	28.813043	71	73.9	0.019292	38	0.041	1.46677	6.0	4.3	1.0067355	22.0	3.112
2014-01-13	16.8	36	38.1	0.01825	32	0.035	0.4180124999999999	1.0	1.1	0.311138	7.0	0.878
2014-01-14	16.443478	41	43.6	0.021333	34	0.037	0.4180124999999999	1.0	1.6	0.3422645	7.0	1.123
2014-01-15	20.078261	41	43.8	0.016875	36	0.039	0.8164594999999999	6.0	4.5	0.5729095	14.0	2.937
2014-01-16	16.995652	40	42.2	0.02225	35	0.038	0.4130435	1.0	1.2	0.4671415	14.0	1.281
2014-01-17	19.669565	42	45.6	0.016667	33	0.036	0.5913045	1.0	1.8	0.5698335	15.0	2.064
2014-01-18	19.747826	36	38.4	0.013417	32	0.035	0.8338505	3.0	2.4	0.7215795	16.0	1.759
2014-01-19	18.804348	26	28.9	0.008583	21	0.023	0.7431675	3.0	2.3	0.7740075	16.0	1.994
2014-01-20	20.729167	40	42.5	0.013458	32	0.035	0.6666664999999999	1.0	1.5	0.7087289999999999	16.0	1.651
2014-01-21	20.995833	37	39.4	0.011542	28	0.03	0.6	1.0	1.7	0.551354	13.0	1.294
2014-01-22	25.417391	45	48.1	0.012708	32	0.035	2.0574535000000003	10.0	7.6	1.185225	34.0	5.077
2014-01-23	32.421739	93	93.6	0.009958	22	0.024	1.828882	9.0	6.7	1.7576485000000002	43.0	3.8
2014-01-24	15.821739	24	25.4	0.011458	19	0.021	0.7223605	3.0	2.2	0.382551	8.0	1.048
2014-01-25	12.53913	18	19.5	0.017667	39	0.042	0.7524845	3.0	2.9	0.501674	14.0	2.786
2014-01-26	13.626087	17	18.5	0.019208	36	0.039	1.4913045	6.0	4.5	0.8925000000000001	26.0	4.297
2014-01-27	14.026087	22	23.6	0.019417	40	0.043	0.7015525	1.0	1.7	0.4450834999999999	10.0	1.438
2014-01-28	19.904348	41	43.4	0.017958	43	0.046	0.7639755	1.0	1.9	0.7112645	14.0	1.953
2014-01-29	27.878261	45	48.5	0.012583	32	0.035	1.554348	6.0	4.6	0.756	16.0	1.742
2014-01-30	20.208696	34	36.1	0.017042	25	0.027	1.8565215	9.0	6.9	0.501598	13.0	1.1
2014-01-31	3.321739	5	5.5	0.033708	37	0.04	0.158385	0.0	0.3	0.1371775	3.0	0.3
2014-02-01	8.56087	27	29.2	0.025792	36	0.039	0.2086954999999999	0.0	0.4	0.2008295	3.0	0.432
2014-02-02	11.269565	25	27.0	0.021208	28	0.03	0.6344719999999999	4.0	3.4	0.263275	5.0	0.576
2014-02-03	10.313043	28	30.5	0.029125	37	0.04	0.426708	1.0	1.2	0.276703	5.0	0.668
2014-02-04	18.034783	34	36.9	0.022042	36	0.039	1.4838505	9.0	6.6	0.4435215	9.0	1.6
2014-02-05	15.991304	40	42.0	0.01975	39	0.042	0.5524845	1.0	1.4	0.445261	13.0	1.714
2014-02-06	18.582609	42	44.0	0.025583	38	0.041	1.0201865	4.0	3.5	0.6929815	15.0	1.632
2014-02-07	15.273913	35	37.5	0.017667	31	0.034	0.8503105	3.0	2.1	0.3209815	6.0	0.856
2014-02-08	20.708696	37	39.1	0.015833	36	0.039	0.9552795	3.0	2.5	0.4755945	7.0	0.975
2014-02-09	20.8875	42	44.4	0.018792	44	0.048	1.9520835	11.0	8.4	0.532417	8.0	1.172
2014-02-10	17.9	40	42.6	0.007714	14	0.015	0.7520834999999999	3.0	2.7	0.7356875	17.0	2.275
2014-02-11	16.816667	40	42.7	0.017391	36	0.039	1.0666665	6.0	4.0	0.7697065000000001	32.0	4.546
2014-02-12	22.3	41	43.4	0.01925	37	0.04	1.0940995	6.0	4.3	1.136562	36.0	4.225
2014-02-13	40.626087	57	60.7	0.006	9	0.01	2.3263975	7.0	5.3	1.8778405	28.0	4.224
2014-02-14	35.829167	58	61.5	0.020789	46	0.05	1.44375	4.0	3.4	0.926947	26.0	2.3
2014-02-15	33.013043	62	64.6	0.02375	77	0.063	2.7245345	13.0	9.1	1.0414815	18.0	2.244
2014-02-16	26.595652	36	38.5	0.012458	26	0.028	2.047205	7.0	5.2	0.846714	20.0	1.8
2014-02-17	20.413043	36	38.8	0.0255	45	0.049	1.264596	9.0	6.9	0.5514785	11.0	1.852
2014-02-18	23.343478	51	54.4	0.019375	44	0.048	0.9065215	3.0	2.0	0.6796595000000001	15.0	2.148
2014-02-19	32.23913	56	59.6	0.0155	37	0.04	2.1214285	9.0	6.5	1.052598	20.0	3.445
2014-02-20	18.486957	37	39.2	0.018625	40	0.043	0.5546585	1.0	1.6	0.5061955	9.0	1.822
2014-02-21	25.526087	42	44.4	0.01575	36	0.039	0.8518635	3.0	2.1	0.7127355	11.0	2.937
2014-02-22	25.93913	44	47.4	0.012143	19	0.021	1.245963	4.0	3.0	0.6131485000000001	11.0	1.199
2014-02-23	24.919565	44.0	47.4	0.0152715	38.0	0.041	1.2405279999999999	4.0	3.0	0.6662605	15.0	2.018
2014-02-24	23.9	30	32.9	0.0184	38	0.041	1.235093	4.0	3.0	0.7193725	15.0	2.018
2014-02-25	14.1454545	30.0	32.9	0.0208665	38.0	0.041	0.99378875	4.0	3.0	0.5195322499999999	15.0	2.018
2014-02-26	4.390909	7	7.9	0.023333	33	0.036	0.7524845	1.0	1.9	0.319692	7.0	0.951
2014-02-27	10.347826	24	25.2	0.017167	29	0.031	0.807143	4.0	3.0	0.2643225	6.0	0.849
2014-02-28	11.256522	24	25.3	0.019917	31	0.033	0.5726709999999999	1.0	1.6	0.2773335	5.0	0.8
2014-03-01	3.734783	5	5.6	0.035458	37	0.04	0.1763975	0.0	0.3	0.1368225	2.0	0.2
2014-03-02	8.030435	18	19.5	0.029083	38	0.041	0.5568325	1.0	1.2	0.217301	3.0	0.505
2014-03-03	13.417391	37	39.7	0.02475	43	0.046	0.265528	0.0	0.5	0.266587	7.0	0.843
2014-03-04	12.891304	39	41.2	0.030708	46	0.05	0.3173915	0.0	0.7	0.326145	7.0	0.7
2014-03-05	13.534783	41	43.7	0.024042	42	0.045	0.363354	1.0	1.4	0.279065	6.0	1.237
2014-03-06	17.892308	28	30.8	0.025111	44	0.048	0.5666665	1.0	1.1	0.6485095000000001	11.0	1.791
2014-03-07	9.723932	28.0	30.8	0.0329645	44.0	0.048	0.35555549999999997	1.0	1.1	0.45597699999999997	11.0	1.791
2014-03-08	9.723932	28.0	30.8	0.0329645	44.0	0.048	0.35555549999999997	1.0	1.1	0.45597699999999997	11.0	1.791
2014-03-09	9.723932	28.0	30.8	0.0329645	44.0	0.048	0.35555549999999997	1.0	1.1	0.45597699999999997	11.0	1.791
2014-03-10	9.723932	28.0	30.8	0.0329645	44.0	0.048	0.35555549999999997	1.0	1.1	0.45597699999999997	11.0	1.791
2014-03-11	9.723932	28.0	30.8	0.0329645	44.0	0.048	0.35555549999999997	1.0	1.1	0.45597699999999997	11.0	1.791
2014-03-12	9.723932	28.0	30.8	0.0329645	44.0	0.048	0.35555549999999997	1.0	1.1	0.45597699999999997	11.0	1.791
2014-03-13	9.723932	28.0	30.8	0.0329645	44.0	0.048	0.35555549999999997	1.0	1.1	0.45597699999999997	11.0	1.791
2014-03-14	9.723932	28.0	30.8	0.0329645	44.0	0.048	0.35555549999999997	1.0	1.1	0.45597699999999997	11.0	1.791
2014-03-15	9.723932	28.0	30.8	0.0329645	44.0	0.048	0.35555549999999997	1.0	1.1	0.45597699999999997	11.0	1.791
2014-03-16	9.723932	28.0	30.8	0.0329645	44.0	0.048	0.35555549999999997	1.0	1.1	0.45597699999999997	11.0	1.791
2014-03-17	9.723932	28.0	30.8	0.0329645	44.0	0.048	0.35555549999999997	1.0	1.1	0.45597699999999997	11.0	1.791
2014-03-18	9.723932	28.0	30.8	0.0329645	44.0	0.048	0.35555549999999997	1.0	1.1	0.45597699999999997	11.0	1.791
2014-03-19	9.723932	28.0	30.8	0.0329645	44.0	0.048	0.35555549999999997	1.0	1.1	0.45597699999999997	11.0	1.791
2014-03-20	9.723932	28.0	30.8	0.0329645	44.0	0.048	0.35555549999999997	1.0	1.1	0.45597699999999997	11.0	1.791
2014-03-21	9.723932	28.0	30.8	0.0329645	44.0	0.048	0.35555549999999997	1.0	1.1	0.45597699999999997	11.0	1.791
2014-03-22	9.723932	28.0	30.8	0.0329645	44.0	0.048	0.35555549999999997	1.0	1.1	0.45597699999999997	11.0	1.791
2014-03-23	9.723932	28.0	30.8	0.0329645	44.0	0.048	0.35555549999999997	1.0	1.1	0.45597699999999997	11.0	1.791
2014-03-24	9.723932	28.0	30.8	0.0329645	44.0	0.048	0.35555549999999997	1.0	1.1	0.45597699999999997	11.0	1.791
2014-03-25	9.723932	28.0	30.8	0.0329645	44.0	0.048	0.35555549999999997	1.0	1.1	0.45597699999999997	11.0	1.791
2014-03-26	1.555556	2	2.3	0.040818	39	0.042	0.1444445	0.0	0.2	0.2634444999999999	3.0	0.356
2014-03-27	2.708696	5	5.2	0.041542	46	0.05	0.154037	0.0	0.2	0.133688	2.0	0.2
2014-03-28	13.556522	53	56.7	0.033208	67	0.06	0.3568325	1.0	1.7	0.263152	7.0	1.374
2014-03-29	21.726087	47	50.4	0.034542	67	0.06	1.8341615	9.0	6.6	0.468616	8.0	1.037
2014-03-30	2.547826	12	13.7	0.044083	48	0.052	0.2043479999999999	0.0	0.3	0.184286	7.0	0.6
2014-03-31	4.96087	25	27.8	0.047208	54	0.056	0.258385	0.0	0.7	0.1908045	2.0	0.411
2014-04-01	2.230435	4	4.5	0.048458	48	0.052	0.1338504999999999	0.0	0.2	0.1552935	2.0	0.2
2014-04-02	2.130435	4	4.0	0.0445	46	0.05	0.1065214999999999	0.0	0.2	0.1365325	2.0	0.2
2014-04-03	14.117391	48	51.3	0.029542	47	0.051	0.397826	1.0	1.9	0.322587	9.0	1.408
2014-04-04	7.630435	24	25.2	0.04275	51	0.055	0.2354039999999999	0.0	0.6	0.293598	9.0	0.8
2014-04-05	3.121739	10	11.8	0.044542	49	0.053	0.174845	0.0	0.2	0.168924	2.0	0.329
2014-04-06	7.165217	34	36.4	0.036875	46	0.05	0.290683	1.0	1.1	0.2090035	3.0	0.735
2014-04-07	13.091304	40	42.6	0.028292	47	0.051	0.2	0.0	0.2	0.3414565	9.0	1.966
2014-04-08	7.263043499999999	40.0	42.6	0.0384585	49.0	0.053	0.2	0.0	0.2	0.2287825	9.0	1.966
2014-04-09	7.263043499999999	40.0	42.6	0.0384585	49.0	0.053	0.2	0.0	0.2	0.2287825	9.0	1.966
2014-04-10	7.263043499999999	40.0	42.6	0.0384585	49.0	0.053	0.2	0.0	0.2	0.2287825	9.0	1.966
2014-04-11	7.263043499999999	40.0	42.6	0.0384585	49.0	0.053	0.2	0.0	0.2	0.2287825	9.0	1.966
2014-04-12	7.263043499999999	40.0	42.6	0.0384585	49.0	0.053	0.2	0.0	0.2	0.2287825	9.0	1.966
2014-04-13	7.263043499999999	40.0	42.6	0.0384585	49.0	0.053	0.2	0.0	0.2	0.2287825	9.0	1.966
2014-04-14	7.263043499999999	40.0	42.6	0.0384585	49.0	0.053	0.2	0.0	0.2	0.2287825	9.0	1.966
2014-04-15	7.263043499999999	40.0	42.6	0.0384585	49.0	0.053	0.2	0.0	0.2	0.2287825	9.0	1.966
2014-04-16	7.263043499999999	40.0	42.6	0.0384585	49.0	0.053	0.2	0.0	0.2	0.2287825	9.0	1.966
2014-04-17	7.263043499999999	40.0	42.6	0.0384585	49.0	0.053	0.2	0.0	0.2	0.2287825	9.0	1.966
2014-04-18	7.263043499999999	40.0	42.6	0.0384585	49.0	0.053	0.2	0.0	0.2	0.2287825	9.0	1.966
2014-04-19	7.263043499999999	40.0	42.6	0.0384585	49.0	0.053	0.2	0.0	0.2	0.2287825	9.0	1.966
2014-04-20	7.263043499999999	40.0	42.6	0.0384585	49.0	0.053	0.2	0.0	0.2	0.2287825	9.0	1.966
2014-04-21	7.263043499999999	40.0	42.6	0.0384585	49.0	0.053	0.2	0.0	0.2	0.2287825	9.0	1.966
2014-04-22	7.263043499999999	40.0	42.6	0.0384585	49.0	0.053	0.2	0.0	0.2	0.2287825	9.0	1.966
2014-04-23	7.263043499999999	40.0	42.6	0.0384585	49.0	0.053	0.2	0.0	0.2	0.2287825	9.0	1.966
2014-04-24	7.263043499999999	40.0	42.6	0.0384585	49.0	0.053	0.2	0.0	0.2	0.2287825	9.0	1.966
2014-04-25	7.263043499999999	40.0	42.6	0.0384585	49.0	0.053	0.2	0.0	0.2	0.2287825	9.0	1.966
2014-04-26	1.434783	3	3.1	0.048625	49	0.053	0.2	0.0	0.2	0.1161085	1.0	0.154
2014-04-27	3.621739	16	17.0	0.043375	50	0.054	0.263354	0.0	0.6	0.1568695	2.0	0.353
2014-04-28	9.617391	31	33.8	0.042792	77	0.063	0.5251549999999999	1.0	1.6	0.2776484999999999	6.0	1.117
2014-04-29	5.186957	10	11.9	0.045333	54	0.056	0.2403725	0.0	0.3	0.186739	2.0	0.222
2014-04-30	5.065217	12	13.5	0.045	51	0.055	0.258385	0.0	0.4	0.1721049999999999	2.0	0.252
2014-05-01	8.595652	35	37.3	0.0395	61	0.058	0.37205	1.0	1.1	0.2080075	5.0	0.693
2014-05-02	16.643478	43	46.6	0.03025	61	0.058	0.7180125	3.0	2.8	0.3735075	9.0	1.612
2014-05-03	18.126087	39	41.6	0.037792	67	0.06	1.9338505	9.0	6.5	0.5737425	14.0	2.142
2014-05-04	7.682609	22	23.1	0.041375	51	0.055	2.081677	10.0	7.4	0.254587	5.0	0.678
2014-05-05	8.056522	35	37.5	0.041292	51	0.055	1.945031	13.0	9.9	0.251862	6.0	0.85
2014-05-06	1.565217	2	2.5	0.046792	47	0.051	0.192857	0.0	0.3	0.1137825	1.0	0.149
2014-05-07	2.378261	4	4.4	0.043208	45	0.049	0.190683	0.0	0.2	0.1196954999999999	1.0	0.184
2014-05-08	11.282609	23	24.1	0.03775	51	0.055	1.4608695	6.0	4.1	0.2870185	5.0	0.577
2014-05-09	8.826087	25	26.6	0.037417	51	0.055	0.8704970000000001	4.0	3.3	0.269605	5.0	0.755
2014-05-10	6.552174	23	24.2	0.052083	87	0.066	0.6409935	3.0	2.2	0.2347645	5.0	0.565
2014-05-11	3.734783	18	19.3	0.039333	44	0.048	0.2611799999999999	0.0	0.8	0.1426339999999999	2.0	0.393
2014-05-12	9.891304	36	38.0	0.032583	48	0.052	0.390683	1.0	1.5	0.2351705	5.0	0.78
2014-05-13	7.269565	25	27.5	0.040917	58	0.057	0.33323	0.0	0.7	0.209475	5.0	0.475
2014-05-14	10.547059	26	28.4	0.028867	35	0.038	0.3786764999999999	0.0	0.8	0.221049	3.0	0.423
2014-05-15	20.514286	44	47.2	0.02075	34	0.037	0.93	4.0	3.1	0.4205	8.0	1.744
2014-05-16	12.273913	42	45.0	0.052458	133	0.08	0.765528	3.0	2.8	0.4466305	8.0	1.565
2014-05-17	8.56087	30	32.0	0.049625	93	0.068	1.177019	10.0	7.5	0.2574205	5.0	0.648
2014-05-18	8.482609	24	25.3	0.050208	84	0.065	1.978261	11.0	8.8	0.2202859999999999	5.0	0.481
2014-05-19	4.708696	23	24.8	0.050042	49	0.053	0.4	1.0	1.6	0.147163	2.0	0.464
2014-05-20	2.513043	3	3.7	0.045042	46	0.05	0.2	0.0	0.2	0.1109999999999999	1.0	0.142
2014-05-21	3.526087	5	5.8	0.044458	51	0.055	0.2338505	0.0	0.3	0.1300075	2.0	0.202
2014-05-22	5.573913	10	11.9	0.043583	54	0.056	0.479193	1.0	1.4	0.1686705	2.0	0.226
2014-05-23	4.626087	9	10.3	0.045833	58	0.057	0.3338505	0.0	0.8	0.166685	2.0	0.254
2014-05-24	9.347826	25	26.9	0.043417	97	0.069	1.1102485000000002	4.0	3.9	0.2334925	3.0	0.678
2014-05-25	6.865217	14	15.2	0.044875	119	0.076	0.834472	1.0	1.5	0.2074055	3.0	0.494
2014-05-26	13.382609	25	27.9	0.036792	87	0.066	1.752174	6.0	4.3	0.254525	3.0	0.491
2014-05-27	12.408696	27	29.4	0.036875	71	0.061	1.2409935	3.0	2.8	0.2653029999999999	3.0	0.47
2014-05-28	13.578261	38	40.7	0.040333	87	0.066	1.437267	9.0	6.2	0.3285905	7.0	1.003
2014-05-29	13.478261	29	31.5	0.036792	80	0.064	1.1661495	4.0	3.7	0.261856	5.0	0.525
2014-05-30	13.547826	38	40.3	0.038542	67	0.06	1.954348	7.0	5.9	0.3032685	6.0	0.941
2014-05-31	7.965217	32	34.6	0.056125	105	0.072	1.0524844999999998	4.0	3.8	0.226775	5.0	0.686
2014-06-01	4.082609	14	15.6	0.0485	61	0.058	0.290683	0.0	0.5	0.1230545	2.0	0.261
2014-06-02	8.065217	31	33.6	0.055875	126	0.078	0.656211	1.0	1.6	0.2206955	3.0	0.699
2014-06-03	5.56087	15	16.3	0.0535	80	0.064	0.2813664999999999	0.0	0.5	0.1528445	2.0	0.262
2014-06-04	3.273913	5	5.4	0.057333	100	0.07	0.2453415	0.0	0.4	0.1175145	2.0	0.2
2014-06-05	4.191304	8	8.6	0.069875	133	0.08	0.2863355	0.0	0.4	0.1826085	2.0	0.2
2014-06-06	8.669565	33	35.5	0.05975	112	0.074	0.890683	4.0	3.6	0.2291305	5.0	0.871
2014-06-07	10.76087	27	29.6	0.04225	108	0.073	1.1981365	6.0	4.0	0.244388	5.0	0.551
2014-06-08	12.017391	33	35.8	0.033708	80	0.064	2.87795	10.0	7.9	0.2661595	5.0	0.502
2014-06-09	11.234783	25	26.9	0.026958	37	0.04	1.2919255	4.0	3.6	0.276775	5.0	0.605
2014-06-10	8.243478	15	16.7	0.038	46	0.05	1.107143	4.0	3.0	0.22475	3.0	0.448
2014-06-11	9.06087	27	29.0	0.053583	112	0.074	1.2897515	6.0	4.5	0.2548985	5.0	0.658
2014-06-12	10.569565	31	33.2	0.052042	100	0.07	1.1819875	4.0	3.8	0.2535794999999999	5.0	0.635
2014-06-13	9.7	45	48.5	0.05075	67	0.06	1.5652175000000002	13.0	9.0	0.2276955	5.0	1.012
2014-06-14	2.530435	4	4.2	0.06075	90	0.067	0.295031	0.0	0.5	0.1111085	1.0	0.155
2014-06-15	7.117391	25	26.0	0.053292	87	0.066	1.2841615000000002	7.0	5.4	0.1907935	5.0	0.53
2014-06-16	10.595652	49	52.4	0.046208	74	0.062	1.134472	7.0	5.6	0.2159419999999999	6.0	0.87
2014-06-17	4.143478	10	11.3	0.037792	47	0.051	1.1652175	11.0	8.4	0.1373405	2.0	0.452
2014-06-18	3.226087	5	5.5	0.044667	58	0.057	0.270497	0.0	0.5	0.1055	1.0	0.184
2014-06-19	10.521739	27	29.2	0.040875	100	0.07	1.1021740000000002	4.0	3.2	0.216214	3.0	0.712
2014-06-20	12.169565	28	30.1	0.030458	71	0.061	1.0152175	4.0	3.2	0.269489	5.0	0.745
2014-06-21	7.452174	12	13.2	0.032042	44	0.047	1.6897515	10.0	7.8	0.219808	5.0	0.4
2014-06-22	6.491304	20	21.9	0.0425	67	0.06	1.228882	6.0	4.3	0.1827575	3.0	0.429
2014-06-23	9.390909	29	31.5	0.041792	100	0.07	0.6381985	1.0	1.4	0.2380755	5.0	0.888
2014-06-24	11.883333	18	19.4	0.028375	47	0.051	1.7018635	6.0	4.5	0.240989	3.0	0.454
2014-06-25	11.83913	21	22.2	0.03125	80	0.064	1.82205	6.0	4.3	0.2784999999999999	3.0	0.55
2014-06-26	8.043478	17	18.3	0.032083	50	0.054	2.0329195	10.0	7.4	0.2159925	3.0	0.382
2014-06-27	3.447826	7	7.5	0.040417	49	0.053	0.3	0.0	0.4	0.1053865	1.0	0.154
2014-06-28	8.143478	13	14.3	0.026333	43	0.046	1.3602485	4.0	3.1	0.1869094999999999	2.0	0.299
2014-06-29	7.452174	16	17.5	0.023958	34	0.037	1.717702	6.0	4.0	0.1662425	2.0	0.216
2014-06-30	11.247826	23	24.7	0.0239	39	0.042	2.289441	7.0	5.6	0.2361115	3.0	0.465
2014-07-01	8.475	10	11.4	0.039	45	0.049	2.184472	7.0	5.0	0.2051	2.0	0.263
2014-07-02	8.791304	13	14.6	0.028875	42	0.045	1.6307455000000002	4.0	3.9	0.205326	2.0	0.286
2014-07-03	6.508696	10	11.4	0.0265	33	0.036	0.8208070000000001	3.0	2.3	0.1880075	2.0	0.315
2014-07-04	7.16087	11	12.6	0.024708	38	0.041	0.725155	1.0	1.4	0.174725	2.0	0.306
2014-07-05	7.108696	15	16.3	0.018792	33	0.036	1.05	3.0	2.1	0.169199	2.0	0.312
2014-07-06	4.930435	14	15.0	0.036708	58	0.057	0.9934785	4.0	3.0	0.1542315	2.0	0.276
2014-07-07	6.656522	16	17.4	0.040583	101	0.071	1.6788819999999998	7.0	5.0	0.1925905	3.0	0.492
2014-07-08	6.572727	10	11.3	0.01475	22	0.024	0.8212119999999999	3.0	2.5	0.1677725	2.0	0.305
2014-07-09	5.15	8	9.4	0.020125	26	0.028	0.4130435	0.0	0.8	0.1722715	2.0	0.278
2014-07-10	5.070833	11	12.7	0.032	46	0.05	0.780844	3.0	2.8	0.1451875	2.0	0.428
2014-07-11	4.856522	11	12.8	0.024542	35	0.038	0.845963	3.0	2.4	0.1088405	2.0	0.245
2014-07-12	5.5375	13	14.3	0.033708	46	0.05	0.50625	1.0	1.8	0.122917	2.0	0.309
2014-07-13	8.1375	26	28.4	0.028917	40	0.043	1.0416664999999998	3.0	2.6	0.1911665	3.0	0.598
2014-07-14	6.1375	11	12.8	0.027333	38	0.041	0.5041665	1.0	1.3	0.15475	2.0	0.251
2014-07-15	8.691304	16	17.7	0.022375	34	0.037	0.819876	3.0	2.0	0.189479	2.0	0.376
2014-07-16	5.33913	13	14.9	0.035375	58	0.057	0.729503	3.0	2.8	0.165721	2.0	0.391
2014-07-17	5.504348	16	17.2	0.034542	51	0.055	0.9236025	4.0	3.3	0.1411415	2.0	0.436
2014-07-18	7.752174	18	19.7	0.028875	48	0.052	0.8891304999999999	1.0	1.7	0.1617825	2.0	0.379
2014-07-19	7.834783	15	16.0	0.020875	31	0.034	1.0913045	3.0	2.3	0.181815	2.0	0.309
2014-07-20	6.491304	15	16.0	0.027458	42	0.045	1.4307455	4.0	3.7	0.168652	2.0	0.3
2014-07-21	8.078261	19	20.6	0.032833	54	0.056	0.614394	1.0	1.2	0.2244775	5.0	0.761
2014-07-22	8.082609	23	24.0	0.043125	61	0.058	0.5496895	1.0	1.1	0.1733914999999999	3.0	0.536
2014-07-23	7.217391	16	17.4	0.042083	58	0.057	0.404348	0.0	0.7	0.1611015	2.0	0.395
2014-07-24	11.721739	32	34.0	0.033	51	0.055	1.2130435	3.0	2.6	0.2285	3.0	0.632
2014-07-25	5.641667	10	11.9	0.021	27	0.029	0.6145835000000001	1.0	1.7	0.142667	2.0	0.213
2014-07-26	7.23913	15	16.1	0.017917	29	0.031	1.345031	4.0	3.3	0.17746	2.0	0.316
2014-07-27	11.517391	36	38.1	0.0225	40	0.043	0.795652	3.0	2.4	0.2299749999999999	6.0	0.718
2014-07-28	11.273913	28	30.9	0.043708	74	0.062	1.1381985	3.0	2.5	0.323214	7.0	0.714
2014-07-29	4.173913	8	9.4	0.051917	77	0.063	0.360559	0.0	0.5	0.2367535	3.0	0.33
2014-07-30	10.186957	37	39.1	0.056083	151	0.086	1.0826085	6.0	4.5	0.3030945	6.0	0.784
2014-07-31	8.490909	18	19.5	0.026125	42	0.045	1.180435	4.0	3.2	0.2307535	3.0	0.507
2014-08-01	7.678261	16	17.1	0.032583	39	0.042	0.72	1.0	1.4	0.137909	2.0	0.318
2014-08-02	11.504348	28	30.8	0.024875	34	0.037	0.3245345	1.0	1.0	0.221685	5.0	0.638
2014-08-03	6.2	12	13.3	0.030292	40	0.043	0.3360245	0.0	0.9	0.1541775	5.0	0.4
2014-08-04	8.991304	23	24.0	0.037917	71	0.061	0.495652	1.0	1.1	0.178562	3.0	0.51
2014-08-05	6.608696	10	11.0	0.047417	108	0.073	0.367702	0.0	0.8	0.1250649999999999	2.0	0.212
2014-08-06	5.286957	8	8.2	0.048	87	0.066	0.4065215	1.0	1.0	0.110652	1.0	0.163
2014-08-07	9.852174	30	32.4	0.034375	46	0.05	1.9484475	9.0	6.2	0.213884	3.0	0.61
2014-08-08	11.8	30	32.6	0.028667	43	0.046	1.0984475	3.0	2.7	0.251547	3.0	0.577
2014-08-09	7.582609	16	17.9	0.02775	46	0.05	0.932298	1.0	1.7	0.17271	3.0	0.3
2014-08-10	7.386957	17	18.5	0.02625	50	0.054	1.3673915	4.0	3.5	0.1628695	2.0	0.463
2014-08-11	8.878261	20	21.3	0.021208	34	0.037	1.280435	4.0	3.4	0.2336085	3.0	0.559
2014-08-12	8.865217	22	23.6	0.025792	38	0.041	0.519565	0.0	0.9	0.2193695	3.0	0.655
2014-08-13	7.8	12	13.7	0.027333	41	0.044	0.4225	0.0	0.6	0.1725944999999999	2.0	0.278
2014-08-14	7.078261	14	15.1	0.016667	28	0.03	0.7388199999999999	1.0	1.3	0.1966955	3.0	0.525
2014-08-15	8.678261	16	17.9	0.019917	38	0.041	0.934472	3.0	2.8	0.1873445	2.0	0.338
2014-08-16	9.830435	25	27.5	0.021958	44	0.048	1.408385	6.0	4.5	0.2291814999999999	5.0	0.593
2014-08-17	7.508696	17	18.3	0.034792	67	0.06	1.1388200000000002	3.0	2.5	0.208692	5.0	0.4
2014-08-18	4.813043	6	6.9	0.030167	38	0.041	0.4496895	1.0	1.4	0.160964	2.0	0.239
2014-08-19	5.026087	12	13.4	0.033958	47	0.051	0.4661495	1.0	1.4	0.172174	3.0	0.778
2014-08-20	7.373913	25	27.2	0.029458	40	0.043	0.460559	1.0	1.4	0.1740685	3.0	0.805
2014-08-21	11.473913	25	26.9	0.022208	32	0.035	0.3223605	1.0	1.1	0.2258405	3.0	0.797
2014-08-22	11.030435	19	20.0	0.030708	50	0.054	0.7552795	6.0	4.2	0.2035035	3.0	0.397
2014-08-23	10.404348	21	22.3	0.038458	74	0.062	1.2847825	3.0	2.6	0.2154675	5.0	0.691
2014-08-24	7.908696	16	17.6	0.038	80	0.064	0.7552795	3.0	2.5	0.140362	2.0	0.26
2014-08-25	7.156522	12	13.8	0.025375	41	0.044	0.6934785000000001	3.0	2.0	0.1855145	3.0	0.726
2014-08-26	6.069565	9	10.3	0.021833	33	0.036	0.588509	1.0	1.8	0.1360795	2.0	0.283
2014-08-27	10.895652	38	40.1	0.02775	43	0.046	0.727329	1.0	1.8	0.2242645	5.0	1.0
2014-08-28	7.769565	32	34.3	0.034667	54	0.056	0.2993785	0.0	0.5	0.138627	2.0	0.408
2014-08-29	9.7	25	27.8	0.0375	90	0.067	0.358385	0.0	0.7	0.178087	3.0	0.439
2014-08-30	15.817391	34	36.4	0.02725	48	0.052	2.147826	10.0	7.3	0.330047	7.0	1.19
2014-08-31	8.0	20	21.3	0.034458	50	0.054	1.0940995	4.0	3.4	0.184525	3.0	0.381
2014-09-01	10.752174	25	27.6	0.023792	41	0.044	0.6819875	1.0	1.6	0.2114095	3.0	0.45
2014-09-02	11.434783	29	31.3	0.026625	44	0.047	1.262422	4.0	3.6	0.2886815	6.0	1.014
2014-09-03	9.695652	19	20.6	0.027042	45	0.049	1.2285715	4.0	3.1	0.25575	5.0	0.741
2014-09-04	7.452174	14	15.7	0.030042	49	0.053	0.4453415	0.0	0.9	0.2109565	3.0	0.53
2014-09-05	5.46087	8	9.2	0.018208	25	0.027	0.388509	0.0	0.9	0.1669815	2.0	0.229
2014-09-06	6.786957	16	17.3	0.019958	28	0.03	0.522981	1.0	1.1	0.169438	2.0	0.249
2014-09-07	5.069565	9	10.3	0.020375	31	0.033	0.3627329999999999	0.0	0.9	0.1399639999999999	2.0	0.215
2014-09-08	7.7	15	16.4	0.017042	23	0.025	0.4409935	0.0	0.9	0.1811269999999999	2.0	0.494
2014-09-09	8.626087	17	18.2	0.023583	40	0.043	0.5409935	3.0	2.1	0.180475	2.0	0.284
2014-09-10	10.478261	29	31.6	0.023292	40	0.043	0.5503105	1.0	1.7	0.2149315	3.0	0.512
2014-09-11	12.682609	35	37.0	0.035833	51	0.055	0.4245345	0.0	0.7	0.232837	5.0	0.646
2014-09-12	11.952174	41	43.0	0.036958	54	0.056	0.358385	1.0	1.1	0.2772575	7.0	1.059
2014-09-13	13.93913	42	44.0	0.031667	51	0.055	0.9	3.0	2.3	0.3115545	7.0	0.901
2014-09-14	15.143478	40	42.9	0.025167	44	0.048	0.6785715	1.0	1.3	0.3074565	6.0	0.879
2014-09-15	11.991304	38	40.0	0.033625	64	0.059	0.927329	4.0	3.0	0.392645	9.0	1.973
2014-09-16	4.704348	8	8.2	0.024083	29	0.031	0.346894	0.0	0.8	0.151145	2.0	0.228
2014-09-17	7.5	20	21.8	0.0215	32	0.035	0.511491	1.0	1.1	0.197971	5.0	0.814
2014-09-18	6.330435	20	21.1	0.026542	44	0.047	0.367702	1.0	1.6	0.210714	5.0	0.718
2014-09-19	8.186957	23	24.1	0.024042	37	0.04	0.9962735	6.0	4.6	0.1952175	5.0	0.632
2014-09-20	6.565217	15	16.5	0.035583	50	0.054	1.250932	4.0	3.8	0.18175	5.0	0.437
2014-09-21	7.165217	18	19.7	0.031083	46	0.05	0.4	0.0	0.8	0.1528185	2.0	0.439
2014-09-22	12.873913	30	32.9	0.02425	45	0.049	2.1599375000000003	11.0	8.8	0.3402425	7.0	1.64
2014-09-23	14.330435	31	33.2	0.024958	45	0.049	1.6996895	3.0	2.9	0.3052749999999999	5.0	0.821
2014-09-24	14.273913	36	38.7	0.03	54	0.056	1.0913045	4.0	3.3	0.3538694999999999	7.0	1.084
2014-09-25	8.543478	13	14.4	0.016708	25	0.027	0.504348	1.0	1.3	0.2272139999999999	7.0	0.6
2014-09-26	8.769565	25	26.2	0.016125	22	0.024	0.17205	0.0	0.6	0.213699	3.0	0.684
2014-09-27	3.321739	5	5.2	0.043625	48	0.052	0.1857145	0.0	0.3	0.125062	3.0	0.3
2014-09-28	4.169565	17	18.2	0.043375	49	0.053	0.192857	0.0	0.5	0.1284165	2.0	0.293
2014-09-29	12.678261	36	38.1	0.034625	61	0.058	0.290683	0.0	0.8	0.2508445	7.0	1.254
2014-09-30	22.63913	61	63.3	0.029708	64	0.059	0.83474	4.0	3.7	0.4385185	9.0	1.653
2014-10-01	23.082609	48	51.1	0.03275	93	0.068	0.811491	4.0	3.1	0.5678985000000001	10.0	1.939
2014-10-02	12.426087	28	30.4	0.031125	44	0.048	0.269876	0.0	0.5	0.2745904999999999	8.0	0.7
2014-10-03	16.673913	38	40.0	0.028875	50	0.054	0.4366885	1.0	1.6	0.423888	13.0	2.062
2014-10-04	17.813043	42	45.4	0.025167	48	0.052	1.1121115	6.0	4.8	0.765163	24.0	3.988
2014-10-05	20.095652	41	43.6	0.025167	58	0.057	1.6170805	4.0	3.9	0.9596705	28.0	2.976
2014-10-06	22.304348	36	38.8	0.0235	58	0.057	2.31677	6.0	4.8	0.7508915	19.0	1.7
2014-10-07	14.836364	31	33.8	0.015708	20	0.022	0.612121	1.0	1.1	0.6583095	13.0	1.43
2014-10-08	12.365217	36	38.2	0.027708	44	0.047	0.7869565000000001	1.0	1.7	0.3880435	9.0	0.806
2014-10-09	14.152174	25	26.7	0.02875	54	0.056	1.3810559999999998	7.0	5.1	0.3135685	6.0	0.858
2014-10-10	15.852174	33	35.0	0.024208	58	0.057	1.5040369999999998	9.0	6.0	0.3141739999999999	6.0	0.675
2014-10-11	13.352174	28	30.5	0.028125	58	0.057	0.6344719999999999	1.0	1.8	0.2707859999999999	6.0	0.628
2014-10-12	17.673913	42	45.9	0.032042	93	0.068	0.8006215	3.0	2.9	0.4569315	9.0	1.892
2014-10-13	16.826087	32	34.0	0.020417	39	0.042	0.822981	6.0	4.9	0.526953	15.0	2.471
2014-10-14	21.026087	42	44.5	0.023542	46	0.05	0.7611800000000001	3.0	2.1	0.575449	17.0	1.5
2014-10-15	13.965217	32	34.4	0.028625	41	0.044	0.727329	3.0	2.1	0.333721	8.0	0.739
2014-10-16	15.2	39	41.4	0.025208	44	0.048	0.6978260000000001	3.0	2.0	0.3492285	8.0	1.468
2014-10-17	10.030435	20	21.0	0.038917	58	0.057	0.5065215000000001	1.0	1.1	0.2776775	8.0	0.7
2014-10-18	9.973913	24	25.0	0.035625	49	0.053	0.3496895	0.0	0.6	0.2283225	3.0	0.581
2014-10-19	15.334783	37	39.8	0.02675	50	0.054	1.068944	4.0	3.1	0.3959455	8.0	1.72
2014-10-20	15.717391	32	34.6	0.025	46	0.05	1.346584	4.0	3.6	0.4642425	8.0	1.276
2014-10-21	16.234783	40	42.2	0.029167	51	0.055	0.83882	3.0	2.6	0.404475	7.0	1.278
2014-10-22	18.347826	44	47.2	0.029333	54	0.056	0.565528	1.0	1.6	0.3995185	7.0	1.322
2014-10-23	17.621739	35	37.5	0.025583	47	0.051	0.729503	1.0	1.5	0.341105	7.0	1.438
2014-10-24	20.713043	42	44.3	0.02775	54	0.056	1.2826085	4.0	3.2	0.47279	9.0	1.619
2014-10-25	10.952174	34	36.4	0.0335	41	0.044	0.7332299999999999	3.0	2.5	0.377848	9.0	1.773
2014-10-26	3.386957	5	5.7	0.036958	39	0.042	0.2223605	0.0	0.3	0.1286705	2.0	0.2
2014-10-27	14.930435	38	40.3	0.025458	45	0.049	0.388509	1.0	1.5	0.3234375	9.0	1.382
2014-10-28	21.921739	41	43.5	0.0235	45	0.049	0.579193	1.0	1.0	0.475458	11.0	1.153
2014-10-29	19.234783	38	40.4	0.021458	44	0.047	0.4425465	1.0	1.1	0.4806775	10.0	1.771
2014-10-30	19.021739	33	35.8	0.018875	41	0.044	0.3857145	0.0	0.8	0.3871814999999999	11.0	1.0
2014-10-31	18.469565	41	43.9	0.034042	58	0.057	1.643789	7.0	5.2	0.7597935	18.0	3.007
2014-11-01	2.682609	5	5.5	0.041958	44	0.047	0.1453415	0.0	0.3	0.113761	1.0	0.163
2014-11-02	4.013043	12	13.6	0.038667	43	0.046	0.128882	0.0	0.2	0.1342645	2.0	0.248
2014-11-03	5.826087	19	20.9	0.032833	38	0.041	0.1338504999999999	0.0	0.2	0.1780324999999999	2.0	0.315
2014-11-04	6.682609	21	22.8	0.031458	36	0.039	0.165528	0.0	0.3	0.1754965	2.0	0.323
2014-11-05	12.756522	34	36.0	0.02425	39	0.042	0.2863355	0.0	0.8	0.281953	7.0	1.157
2014-11-06	17.230435	33	35.4	0.021542	40	0.043	0.346894	0.0	0.7	0.3650725	7.0	1.012
2014-11-07	18.295652	39	41.3	0.02225	40	0.043	0.392857	0.0	0.8	0.4469565	8.0	1.088
2014-11-08	16.36087	36	38.4	0.022875	42	0.045	0.3381985	0.0	0.9	0.4217789999999999	9.0	1.34
2014-11-09	15.186957	34	36.3	0.020625	42	0.045	0.732298	3.0	2.3	0.605623	19.0	3.221
2014-11-10	15.921739	32	34.5	0.020083	31	0.034	0.6503105	3.0	2.3	0.5307284999999999	22.0	1.9
2014-11-11	13.326087	23	24.6	0.028875	44	0.047	0.3245345	0.0	0.6	0.361739	8.0	1.221
2014-11-12	10.456522	27	29.3	0.027417	40	0.043	0.228882	0.0	0.5	0.2090185	3.0	0.497
2014-11-13	17.056522	28	30.6	0.024958	43	0.046	0.4130435	0.0	0.9	0.403598	7.0	1.236
2014-11-14	12.430435	28	30.4	0.022375	33	0.036	0.4180124999999999	0.0	0.9	0.2802465	5.0	0.634
2014-11-15	13.430435	29	31.3	0.031292	40	0.043	1.3242235	11.0	8.7	0.447942	11.0	1.699
2014-11-16	4.908696	12	13.5	0.032417	40	0.043	0.1338504999999999	0.0	0.2	0.134442	2.0	0.287
2014-11-17	17.080952	34	36.8	0.01687	35	0.038	0.340476	1.0	1.0	0.3405475	7.0	0.977
2014-11-18	18.334783	35	37.0	0.012958	31	0.033	0.5431675	3.0	2.1	0.6206195	17.0	2.281
2014-11-19	19.821739	31	33.6	0.010667	26	0.028	0.560559	3.0	2.0	0.8155215	19.0	3.33
2014-11-20	25.773913	48	51.2	0.015667	31	0.034	1.334472	7.0	5.0	1.0897685	20.0	3.273
2014-11-21	11.630435	35	37.7	0.024042	36	0.039	0.321739	0.0	0.6	0.332036	17.0	1.5
2014-11-22	17.052174	34	36.0	0.016792	35	0.038	0.7869565000000001	3.0	2.0	0.3550685	7.0	0.836
2014-11-23	11.804348	27	29.6	0.018875	33	0.036	0.2540369999999999	0.0	0.7	0.3760759999999999	10.0	1.169
2014-11-24	14.534783	28	30.1	0.015667	30	0.032	0.2670805	0.0	0.5	0.3077425	5.0	0.657
2014-11-25	18.36087	31	33.2	0.011708	30	0.032	0.709317	3.0	2.4	0.6554925	16.0	2.79
2014-11-26	18.973913	34	36.1	0.011083	30	0.032	0.492236	1.0	1.0	0.6067210000000001	19.0	1.7
2014-11-27	17.669565	32	34.3	0.010333	28	0.03	0.495031	1.0	1.0	0.5423695	11.0	2.073
2014-11-28	19.634783	30	32.0	0.009292	27	0.029	1.0829195	3.0	2.3	1.161279	26.0	2.572
2014-11-29	26.491304	42	44.8	0.007542	20	0.022	3.160559	16.0	11.4	0.9942065	18.0	3.129
2014-11-30	6.086957	16	17.0	0.020917	33	0.036	0.426708	0.0	0.9	0.2741955	10.0	1.416
2014-12-01	15.073913	32	34.0	0.009208	24	0.026	0.429503	1.0	1.6	0.4889749999999999	13.0	2.156
2014-12-02	19.404348	28	30.5	0.003792	8	0.009	0.563354	1.0	1.6	0.3992934999999999	7.0	1.244
2014-12-03	6.917391	11	12.2	0.012083	18	0.019	0.169876	0.0	0.4	0.1678184999999999	7.0	0.6
2014-12-04	14.569565	30	32.3	0.005083	14	0.015	0.4546585	1.0	1.3	0.359058	7.0	1.138
2014-12-05	10.321739	15	16.9	0.0085	17	0.018	0.2245345	0.0	0.4	0.1990835	3.0	0.3
2014-12-06	12.730435	25	27.4	0.011958	27	0.029	0.2223605	0.0	0.4	0.284558	6.0	0.784
2014-12-07	10.478261	25	26.3	0.01725	31	0.033	0.167702	0.0	0.3	0.210688	6.0	0.5
2014-12-08	15.152174	29	31.8	0.01225	24	0.026	0.2360245	0.0	0.4	0.298587	7.0	0.973
2014-12-09	15.66087	34	36.7	0.012792	29	0.031	0.3173915	0.0	0.7	0.420627	11.0	1.55
2014-12-10	20.143478	32	34.6	0.009292	25	0.027	0.711491	3.0	2.6	0.982464	28.0	5.207
2014-12-11	19.213043	27	29.9	0.01175	23	0.025	1.469565	6.0	4.1	1.065138	38.0	3.499
2014-12-12	13.978261	26	28.0	0.015667	32	0.035	0.2568325	0.0	0.6	0.3877899999999999	7.0	1.294
2014-12-13	4.8	9	10.1	0.030333	36	0.039	0.17205	0.0	0.3	0.176225	5.0	0.4
2014-12-14	11.986957	24	25.3	0.0145	31	0.034	0.2381984999999999	1.0	1.0	0.3496415	10.0	2.222
2014-12-15	18.730435	28	30.1	0.008042	22	0.024	0.4245345	1.0	1.0	0.7092284999999999	15.0	1.893
2014-12-16	22.273333	40	42.6	0.002167	5	0.005	0.8108335	3.0	2.9	1.5222	32.0	3.563
2014-12-17	16.404167	25	27.6	0.0075	10	0.011	0.4416665	1.0	1.8	0.481792	8.0	1.137
2014-12-18	16.195833	27	29.6	0.012708	31	0.033	0.4270834999999999	1.0	1.5	0.595083	18.0	3.511
2014-12-19	16.7125	28	30.8	0.011417	28	0.03	0.4895835	1.0	1.6	0.8240000000000001	20.0	3.804
2014-12-20	16.895833	28	30.5	0.011	27	0.029	0.3854165	0.0	0.7	0.7455	22.0	1.9
2014-12-21	14.958333	25	27.2	0.012167	30	0.032	0.3020834999999999	0.0	0.6	0.526	9.0	1.192
2014-12-22	22.808333	46	49.9	0.015833	34	0.037	0.85	3.0	2.2	1.274021	28.0	3.657
2014-12-23	16.358333	30	32.1	0.012667	29	0.031	0.9145835	4.0	3.7	0.732646	23.0	3.552
2014-12-24	25.229167	39	41.5	0.011125	24	0.026	1.6208334999999998	4.0	3.7	1.2599165	25.0	2.505
2014-12-25	6.895833	27	29.5	0.026792	34	0.037	0.4770835	1.0	1.9	0.3584375	17.0	1.5
2014-12-26	12.091667	26	28.4	0.019875	33	0.036	0.24375	0.0	0.6	0.318551	5.0	0.977
2014-12-27	8.9625	25	26.3	0.018417	32	0.035	0.1729165	0.0	0.3	0.237167	5.0	0.602
2014-12-28	13.475	24	25.7	0.013	31	0.033	0.30625	0.0	0.9	0.5255625	11.0	1.996
2014-12-29	19.829167	31	33.8	0.0115	29	0.031	1.0270835	1.0	1.8	1.8489375	43.0	4.318
2014-12-30	15.004167	28	30.0	0.02125	31	0.034	0.96875	4.0	3.3	0.9904165	35.0	3.701
2014-12-31	7.55	26	28.2	0.026684	31	0.033	0.26875	1.0	1.4	0.3866039999999999	16.0	3.986
2015-01-01	14.1125	25	27.8	0.013917	32	0.035	0.6166665	1.0	1.6	0.997781	23.0	4.405
2015-01-02	16.420833	32	34.8	0.012083	31	0.033	0.7479165000000001	1.0	1.8	1.1827295	23.0	2.814
2015-01-03	19.916667	42	44.6	0.010792	28	0.03	1.2229165	3.0	2.3	1.084396	28.0	2.601
2015-01-04	13.245833	25	27.7	0.019458	37	0.04	0.6666664999999999	1.0	1.7	0.5403125	18.0	2.188
2015-01-05	17.054167	30	32.9	0.013042	32	0.035	0.4895835	1.0	1.1	0.557333	15.0	2.069
2015-01-06	19.025	31	33.0	0.010333	26	0.028	0.6395835000000001	1.0	1.5	0.8251249999999999	17.0	2.032
2015-01-07	17.895833	31	33.8	0.0095	23	0.025	0.8625	3.0	2.7	0.933542	28.0	4.71
2015-01-08	26.479167	51	54.2	0.005083	13	0.014	1.5270835	3.0	2.9	1.5274375	32.0	4.777
2015-01-09	27.2625	47	50.1	0.011042	30	0.032	1.375	3.0	2.3	1.7643330000000002	44.0	3.9
2015-01-10	19.7625	33	35.6	0.010708	28	0.03	1.1104165	4.0	3.2	0.8364375	16.0	1.979
2015-01-11	10.533333	19	20.5	0.016292	27	0.029	0.5520835000000001	1.0	1.4	0.4015835	9.0	1.056
2015-01-12	14.229167	25	26.9	0.0115	28	0.03	0.4541665	1.0	1.1	0.6134375	20.0	2.768
2015-01-13	12.126087	23	24.0	0.017958	30	0.032	0.3360245	0.0	0.9	0.511587	25.0	2.2
2015-01-14	13.308696	28	30.8	0.015875	30	0.032	0.5251549999999999	3.0	2.0	0.520775	18.0	4.315
2015-01-15	12.656522	23	24.4	0.018042	30	0.032	0.33323	0.0	0.5	0.3566195	18.0	1.6
2015-01-16	14.03913	29	31.7	0.016375	32	0.035	0.5136645	1.0	1.8	0.5642645	20.0	3.789
2015-01-17	15.856522	27	29.3	0.015292	33	0.036	0.504348	1.0	1.1	0.671366	22.0	2.037
2015-01-18	15.426087	28	30.6	0.014375	33	0.036	0.4726709999999999	1.0	1.0	0.578395	14.0	2.118
2015-01-19	17.934783	30	32.1	0.012458	31	0.033	0.4338505	0.0	0.8	0.571949	14.0	1.398
2015-01-20	19.273913	33	35.7	0.013625	30	0.032	0.6776395	3.0	2.3	0.6243695	10.0	1.725
2015-01-21	9.978261	20	21.6	0.024875	33	0.036	0.2857145	0.0	0.6	0.254464	9.0	0.8
2015-01-22	14.973913	31	33.6	0.01725	36	0.039	0.388509	1.0	1.1	0.4437715	11.0	1.693
2015-01-23	21.978261	30	32.9	0.012708	27	0.029	0.826087	3.0	2.1	1.1457535	25.0	3.631
2015-01-24	9.008696	21	22.0	0.024708	33	0.036	0.335404	1.0	1.0	0.2824815	8.0	0.772
2015-01-25	11.282609	28	30.3	0.017958	33	0.036	0.5453415	1.0	1.8	0.3680075	11.0	1.765
2015-01-26	13.747826	25	26.5	0.008417	13	0.014	0.489441	1.0	1.2	0.5108985	13.0	1.208
2015-01-27	11.391304	22	23.1	0.010958	25	0.027	0.2397514999999999	0.0	0.6	0.305652	6.0	0.995
2015-01-28	12.652174	23	24.3	0.012958	25	0.027	0.2496894999999999	0.0	0.4	0.2998915	6.0	0.811
2015-01-29	14.966667	25	26.4	0.006375	13	0.014	0.5255555000000001	1.0	1.1	0.5492815	16.0	1.714
2015-01-30	14.384211	24	25.3	0.011875	27	0.029	0.3325	1.0	1.0	0.4188575	15.0	1.3
2015-01-31	11.921739	19	20.7	0.013333	24	0.026	0.2878885	0.0	0.6	0.357373	9.0	0.957
2015-02-01	13.147826	30	32.3	0.01525	32	0.035	0.4409935	1.0	1.6	0.4541775	16.0	2.727
2015-02-02	20.065217	34	36.5	0.012542	31	0.034	0.6704969999999999	1.0	1.9	0.8709815000000001	22.0	3.56
2015-02-03	29.03913	43	46.1	0.013375	34	0.037	0.929503	1.0	1.7	1.0559094999999998	24.0	2.92
2015-02-04	31.113043	44	47.6	0.015292	40	0.043	1.2186335	3.0	2.1	1.1285435	22.0	3.088
2015-02-05	25.121739	42	44.3	0.017458	43	0.046	0.860559	1.0	1.5	0.828576	23.0	2.0
2015-02-06	37.491304	74	76.6	0.012917	33	0.036	2.8152175	10.0	7.7	0.988297	20.0	3.32
2015-02-07	28.334783	57	60.9	0.015208	34	0.037	2.1860245000000003	7.0	5.6	0.916058	20.0	2.283
2015-02-08	15.730435	28	30.6	0.013125	30	0.032	0.7807455	1.0	1.7	0.5274455	13.0	2.001
2015-02-09	17.152174	34	36.4	0.01475	28	0.03	0.772671	3.0	2.1	0.5364315	10.0	2.48
2015-02-10	16.46087	40	42.1	0.023208	39	0.042	0.5239130000000001	0.0	0.8	0.482964	10.0	2.296
2015-02-11	10.969565	36	38.1	0.02675	37	0.04	0.297205	0.0	0.7	0.2151595	5.0	0.722
2015-02-12	18.205882	28	30.2	0.009143	17	0.018	0.3154409999999999	1.0	1.0	0.410269	8.0	1.825
2015-02-13	23.765217	49	52.8	0.018792	40	0.043	1.336646	6.0	4.0	1.289815	30.0	4.722
2015-02-14	20.752174	46	49.6	0.0255	44	0.048	1.0164594999999998	6.0	4.2	0.873645	33.0	3.74
2015-02-15	11.83913	19	20.4	0.022292	43	0.046	0.9236025	3.0	2.8	0.4046194999999999	16.0	1.4
2015-02-16	15.713043	25	27.8	0.009625	20	0.022	1.2378885	6.0	4.9	0.454547	6.0	0.867
2015-02-17	13.835	34	36.8	0.013875	35	0.038	0.4190475	1.0	1.1	0.377972	6.0	1.429
2015-02-18	22.108696	38	40.4	0.018833	42	0.045	1.039441	3.0	2.4	0.731989	17.0	2.509
2015-02-19	31.477778	49	52.8	0.0058	17	0.018	1.66	4.0	3.9	1.187	22.0	1.904
2015-02-20	30.878261	52	55.2	0.010458	27	0.029	2.2378885	7.0	5.3	0.9545835	15.0	1.794
2015-02-21	13.826087	28	30.9	0.025292	32	0.035	1.512733	9.0	6.8	0.6282535	15.0	1.3
2015-02-22	3.321739	8	9.4	0.031042	35	0.038	0.2245345	1.0	1.5	0.236924	3.0	0.364
2015-02-23	3.3	7	7.3	0.037833	42	0.045	0.0108695	0.0	0.1	0.234192	3.0	0.331
2015-02-24	10.818182	31	33.5	0.023125	36	0.039	0.1174245	0.0	0.4	0.279061	5.0	0.54
2015-02-25	25.908696	43	46.2	0.017292	42	0.045	1.720497	6.0	4.5	0.88554	19.0	2.832
2015-02-26	24.388889	34	36.4	0.012667	35	0.038	1.888889	4.0	3.2	0.944833	24.0	2.1
2015-02-27	10.6	32	34.6	0.034792	45	0.049	0.8881985	10.0	7.5	0.510721	13.0	1.483
2015-02-28	1.434783	2	2.8	0.039417	38	0.041	0.389441	9.0	6.0	0.116065	1.0	0.147
2015-03-01	3.26087	7	7.3	0.028958	31	0.034	0.295963	3.0	2.0	0.152547	2.0	0.24
2015-03-02	7.252174	19	20.5	0.026875	35	0.038	0.41875	3.0	2.3	0.217051	3.0	0.495
2015-03-03	10.5652175	27.0	29.9	0.028083499999999997	41.0	0.044	0.3048295	3.0	2.3	0.33849825	17.0	1.641
2015-03-04	10.5652175	27.0	29.9	0.028083499999999997	41.0	0.044	0.3048295	3.0	2.3	0.33849825	17.0	1.641
2015-03-05	13.878261	27	29.9	0.029292	41	0.044	0.190909	0.0	0.4	0.4599455	17.0	1.641
2015-03-06	9.226087	28	30.1	0.028917	39	0.042	0.1518635	0.0	0.4	0.207837	3.0	0.498
2015-03-07	13.886957	35	37.8	0.026083	44	0.047	0.4726709999999999	3.0	2.3	0.335123	8.0	1.705
2015-03-08	16.278261	45	48.7	0.028417	47	0.051	0.6397514999999999	3.0	2.2	0.5122175	9.0	1.526
2015-03-09	20.773913	43	46.9	0.023125	46	0.05	1.1819875	6.0	4.3	0.6751484999999999	13.0	2.473
2015-03-10	19.768182	39	41.2	0.018	40	0.043	1.3357895	7.0	5.3	0.8171535	19.0	3.429
2015-03-11	21.917391	37	39.1	0.032208	48	0.052	1.3798135	6.0	4.2	1.087536	33.0	3.38
2015-03-12	7.013043	16	17.5	0.034333	44	0.048	0.2086954999999999	0.0	0.4	0.1678295	2.0	0.29
2015-03-13	7.191304	19	20.7	0.031375	42	0.045	0.167702	0.0	0.4	0.1757645	2.0	0.319
2015-03-14	12.878261	27	29.9	0.034917	67	0.06	0.3139754999999999	0.0	0.8	0.271598	5.0	0.913
2015-03-15	14.552174	36	38.9	0.029125	48	0.052	0.5158385000000001	3.0	2.0	0.346188	7.0	1.21
2015-03-16	16.613043	50	53.7	0.034417	48	0.052	0.4878885	1.0	1.9	0.370453	8.0	1.146
2015-03-17	15.4	38	40.8	0.030792	46	0.05	1.7947205	9.0	6.1	0.443489	9.0	1.639
2015-03-18	12.013043	23	24.3	0.030667	44	0.047	1.2897515	6.0	4.7	0.2963915	5.0	0.741
2015-03-19	15.534783	31	33.2	0.028458	42	0.045	0.602174	3.0	2.0	0.3651415	6.0	1.126
2015-03-20	18.086957	45	48.0	0.029125	67	0.06	0.90559	3.0	2.3	0.4977064999999999	8.0	1.822
2015-03-21	11.413043	30	32.0	0.039417	61	0.058	1.1453415	6.0	4.6	0.422949	10.0	0.977
2015-03-22	7.991304	31	33.6	0.039083	50	0.054	0.904969	4.0	3.5	0.251797	6.0	0.972
2015-03-23	5.265217	13	14.3	0.042167	48	0.052	0.165528	0.0	0.3	0.174	2.0	0.434
2015-03-24	8.008696	28	30.3	0.039083	49	0.053	0.3065215	1.0	1.5	0.2568405	6.0	0.943
2015-03-25	7.682609	27	29.4	0.031125	41	0.044	0.167702	0.0	0.4	0.187971	3.0	0.46
2015-03-26	11.556522	33	35.4	0.026792	44	0.047	0.434472	1.0	1.8	0.305721	8.0	1.447
2015-03-27	17.347826	46	49.3	0.02425	42	0.045	0.9192545	6.0	4.5	0.5052715	14.0	2.378
2015-03-28	11.973913	28	30.1	0.043333	80	0.064	0.5670805000000001	1.0	1.6	0.4436305	15.0	1.3
2015-03-29	13.643478	42	45.5	0.033125	58	0.057	0.6813665	3.0	2.0	0.351062	6.0	1.228
2015-03-30	14.004348	42	45.3	0.035875	80	0.064	0.8124220000000001	3.0	2.2	0.3561229999999999	6.0	0.983
2015-03-31	8.891304	23	24.7	0.038292	49	0.053	1.0686334999999998	4.0	3.7	0.2819785	6.0	0.771
2015-04-01	8.486957	29	31.3	0.049833	80	0.064	0.4037265	1.0	1.7	0.2569095	5.0	1.123
2015-04-02	9.143478	27	29.1	0.040542	77	0.063	0.5059005	1.0	1.1	0.242489	5.0	0.656
2015-04-03	9.721739	36	38.3	0.033125	49	0.053	0.4770189999999999	1.0	1.7	0.314047	9.0	1.485
2015-04-04	5.934783	25	26.0	0.047417	61	0.058	0.4748449999999999	1.0	1.1	0.308775	11.0	1.0
2015-04-05	4.66087	19	20.5	0.05125	74	0.062	0.6863355	3.0	2.1	0.205058	3.0	0.437
2015-04-06	2.021739	3	3.8	0.050792	54	0.056	0.104348	0.0	0.2	0.151975	2.0	0.2
2015-04-07	1.526087	2	2.9	0.04925	51	0.055	0.090683	0.0	0.1	0.129873	2.0	0.2
2015-04-08	7.314286	31	33.3	0.039273	54	0.056	0.1892855	0.0	0.6	0.200409	3.0	0.538
2015-04-09	9.83913	45	48.3	0.041375	77	0.063	0.3381985	3.0	2.1	0.264297	5.0	0.908
2015-04-10	11.4	34	36.2	0.042042	71	0.061	0.6080745	3.0	2.1	0.3345	6.0	1.206
2015-04-11	9.83913	25	27.9	0.044708	84	0.065	0.8475155	3.0	2.9	0.2653405	3.0	0.546
2015-04-12	8.034783	17	18.2	0.042583	108	0.073	0.8798135	3.0	2.4	0.2297535	3.0	0.311
2015-04-13	14.5	30	32.2	0.037833	80	0.064	1.6916665	6.0	4.3	0.3838749999999999	7.0	1.131
2015-04-14	9.116667	30	32.8	0.045583	64	0.059	0.7895835	4.0	3.0	0.2947085	6.0	0.942
2015-04-15	5.069565	19	20.1	0.041375	58	0.057	0.1770189999999999	0.0	0.5	0.1990434999999999	2.0	0.384
2015-04-16	14.813043	40	42.5	0.031	54	0.056	0.720807	4.0	3.3	0.394377	10.0	1.948
2015-04-17	17.965217	39	41.3	0.035167	71	0.061	1.1245345	6.0	4.7	0.649547	16.0	2.071
2015-04-18	13.734783	42	45.1	0.051667	122	0.077	1.4307455	6.0	4.0	0.4136305	10.0	1.033
2015-04-19	12.617391	25	27.2	0.048292	112	0.074	1.8897515	11.0	8.1	0.3372969999999999	6.0	0.749
2015-04-20	10.369565	36	38.6	0.041833	71	0.061	1.207143	6.0	4.5	0.3067065	6.0	1.075
2015-04-21	4.234783	14	15.2	0.047042	74	0.062	0.2310559999999999	0.0	0.5	0.183895	2.0	0.294
2015-04-22	5.638095	10	11.8	0.046	51	0.055	0.8984475000000001	4.0	3.9	0.1880325	2.0	0.303
2015-04-23	6.526087	21	22.9	0.042292	45	0.049	0.3819875	1.0	1.4	0.196953	3.0	0.457
2015-04-24	4.082609	19	20.4	0.042042	47	0.051	0.2819875	1.0	1.6	0.173935	2.0	0.431
2015-04-25	2.386957	6	6.1	0.040042	43	0.046	0.0245345	0.0	0.1	0.146938	2.0	0.2
2015-04-26	3.182609	12	13.6	0.046542	61	0.058	0.0863355	0.0	0.2	0.1394165	2.0	0.262
2015-04-27	11.330435	50	53.4	0.04	50	0.054	0.331677	3.0	2.4	0.2319275	5.0	1.196
2015-04-28	10.673913	31	33.3	0.045708	77	0.063	0.2742235	0.0	0.5	0.242138	5.0	0.552
2015-04-29	18.795652	60	62.5	0.041167	80	0.064	0.668323	3.0	2.8	0.3328985	8.0	1.39
2015-04-30	10.416667	24	25.9	0.050917	80	0.064	0.5377780000000001	3.0	2.3	0.254616	8.0	0.7
2015-05-01	14.173913	35	37.0	0.039708	77	0.063	0.4416665	3.0	2.8	0.299525	6.0	1.01
2015-05-02	10.9347825	35.0	37.0	0.04	77.0	0.063	0.6241665	3.0	2.8	0.250163	6.0	1.01
2015-05-03	10.9347825	35.0	37.0	0.04	77.0	0.063	0.6241665	3.0	2.8	0.250163	6.0	1.01
2015-05-04	10.9347825	35.0	37.0	0.04	77.0	0.063	0.6241665	3.0	2.8	0.250163	6.0	1.01
2015-05-05	7.695652	16	17.7	0.040292	64	0.059	0.8066665	1.0	1.9	0.200801	3.0	0.519
2015-05-06	4.234783	8	9.8	0.049083	71	0.061	0.1403725	0.0	0.5	0.1726415	2.0	0.232
2015-05-07	2.921739	6	6.4	0.049792	49	0.053	0.2863355	3.0	2.0	0.137188	2.0	0.227
2015-05-08	2.321739	3	3.5	0.045958	47	0.051	0.0223605	0.0	0.1	0.1174349999999999	1.0	0.163
2015-05-09	3.66087	8	8.9	0.044	50	0.054	0.079193	0.0	0.2	0.143123	2.0	0.23
2015-05-10	11.047826	48	51.9	0.040083	71	0.061	0.427329	4.0	3.1	0.258116	7.0	1.404
2015-05-11	10.034783	39	41.6	0.0525	90	0.067	0.7611800000000001	3.0	2.8	0.321953	7.0	1.161
2015-05-12	8.878261	35	37.8	0.046417	67	0.06	0.941615	3.0	2.8	0.250348	5.0	0.806
2015-05-13	5.930435	14	15.3	0.051667	80	0.064	0.1972049999999999	0.0	0.4	0.181489	2.0	0.299
2015-05-14	2.265217	3	3.4	0.045208	45	0.049	0.0496895	0.0	0.1	0.130214	2.0	0.2
2015-05-15	8.052174	30	32.9	0.029708	40	0.043	0.070497	0.0	0.8	0.2222175	7.0	1.481
2015-05-16	12.426087	26	28.6	0.038042	61	0.058	0.567702	1.0	1.7	0.4002139999999999	11.0	1.351
2015-05-17	7.426087	20	21.3	0.043333	64	0.059	0.6568325	6.0	4.9	0.2090035	3.0	0.55
2015-05-18	4.76087	11	12.9	0.049708	74	0.062	0.067702	0.0	0.1	0.1564675	2.0	0.213
2015-05-19	4.226087	7	7.0	0.046292	58	0.057	0.088509	0.0	0.2	0.1300945	2.0	0.2
2015-05-20	9.208696	34	36.0	0.043542	64	0.059	0.7546585	4.0	3.8	0.243714	5.0	0.929
2015-05-21	2.495652	3	3.9	0.046958	47	0.051	0.0223605	0.0	0.1	0.113435	1.0	0.164
2015-05-22	2.978261	5	5.7	0.044958	48	0.052	0.0332299999999999	0.0	0.1	0.127685	2.0	0.2
2015-05-23	2.930435	4	4.7	0.044167	48	0.052	0.0223605	0.0	0.1	0.1262715	2.0	0.2
2015-05-24	4.113043	12	13.2	0.042792	54	0.056	0.067702	0.0	0.2	0.156775	2.0	0.322
2015-05-25	9.852174	23	24.6	0.036667	49	0.053	1.2170805	7.0	5.2	0.2400074999999999	5.0	0.541
2015-05-26	10.465217	26	28.0	0.036708	64	0.059	1.6090065	7.0	5.2	0.230692	3.0	0.532
2015-05-27	12.952174	27	29.3	0.041167	97	0.069	1.708385	7.0	5.3	0.248964	3.0	0.51
2015-05-28	14.817391	28	30.1	0.039292	80	0.064	1.7686335	9.0	6.0	0.312964	5.0	0.74
2015-05-29	17.452174	42	44.8	0.034875	67	0.06	1.8357145	4.0	3.3	0.284975	3.0	0.525
2015-05-30	14.769565	29	31.2	0.033042	71	0.061	2.389441	9.0	6.0	0.278645	5.0	0.445
2015-05-31	6.908696	21	22.8	0.042125	67	0.06	1.5975155	7.0	5.9	0.195688	5.0	0.49
2015-06-01	9.608696	35	37.9	0.04575	80	0.064	0.997205	6.0	4.8	0.2565325	6.0	0.823
2015-06-02	3.66087	7	7.9	0.048167	61	0.058	0.0993785	0.0	0.2	0.1116085	1.0	0.173
2015-06-03	2.682609	4	4.0	0.054292	90	0.067	0.126708	0.0	0.2	0.1094785	1.0	0.141
2015-06-04	5.282609	25	27.2	0.05425	80	0.064	0.2965839999999999	3.0	2.0	0.1476195	2.0	0.486
2015-06-05	4.56087	12	13.5	0.055958	105	0.072	0.331677	1.0	1.6	0.1457285	2.0	0.297
2015-06-06	9.708696	33	35.1	0.05625	136	0.081	0.776087	3.0	2.8	0.2206955	5.0	0.623
2015-06-07	11.747826	42	44.9	0.047458	129	0.079	1.071118	3.0	2.8	0.2551595	5.0	0.804
2015-06-08	18.204348	35	37.3	0.037583	100	0.07	2.2838505	7.0	5.5	0.3599315	7.0	0.727
2015-06-09	6.313043	13	14.1	0.023375	31	0.033	0.2785714999999999	0.0	0.9	0.1817389999999999	3.0	0.3
2015-06-10	6.63913	20	21.3	0.039333	54	0.056	0.056211	0.0	0.2	0.191902	3.0	0.658
2015-06-11	3.930435	10	11.8	0.051	90	0.067	0.06118	0.0	0.1	0.1348445	2.0	0.316
2015-06-12	13.417391	25	27.6	0.039833	100	0.07	1.5335405	6.0	4.8	0.2737535	5.0	0.496
2015-06-13	10.717391	16	17.3	0.038542	71	0.061	0.704348	1.0	1.2	0.232373	5.0	0.4
2015-06-14	10.595652	21	22.9	0.0345	64	0.059	1.6068325	6.0	4.4	0.2078915	2.0	0.365
2015-06-15	15.986957	30	32.5	0.035958	100	0.07	1.9046585	9.0	6.1	0.303873	6.0	0.587
2015-06-16	12.126087	22	23.8	0.03	46	0.05	1.4242235	4.0	3.8	0.2508225	3.0	0.561
2015-06-17	11.178261	23	24.0	0.043542	97	0.069	1.848758	11.0	8.0	0.2510835	5.0	0.522
2015-06-18	11.017391	37	39.4	0.056458	108	0.073	0.962422	4.0	3.5	0.263855	6.0	0.929
2015-06-19	13.369565	58	61.5	0.047167	112	0.074	0.9481365	6.0	4.4	0.298663	7.0	1.292
2015-06-20	12.243478	22	23.2	0.027875	44	0.048	1.8863355	7.0	5.3	0.1915685	3.0	0.506
2015-06-21	8.104348	25	27.6	0.035292	77	0.063	1.369565	4.0	3.2	0.1889785	2.0	0.278
2015-06-22	11.534783	23	24.5	0.031375	87	0.066	1.312733	4.0	3.2	0.2672354999999999	5.0	0.537
2015-06-23	9.030435	18	19.4	0.043625	90	0.067	1.03882	6.0	4.1	0.2321269999999999	3.0	0.443
2015-06-24	14.36087	25	26.9	0.031833	80	0.064	1.268323	4.0	3.3	0.2679095	3.0	0.656
2015-06-25	9.673913	20	21.6	0.028208	46	0.05	1.622671	4.0	3.2	0.2582354999999999	3.0	0.405
2015-06-26	7.317391	15	16.7	0.032333	54	0.056	1.2947205	3.0	2.8	0.2161775	3.0	0.389
2015-06-27	9.865217	31	33.5	0.032542	49	0.053	1.20559	3.0	2.5	0.224565	5.0	0.67
2015-06-28	6.243478	17	18.6	0.034583	54	0.056	0.8869565	4.0	3.5	0.185801	5.0	0.4
2015-06-29	12.226087	32	34.2	0.034875	51	0.055	0.934472	4.0	3.1	0.2880435	6.0	0.808
2015-06-30	8.456522	24	25.2	0.036917	48	0.052	0.3742235	1.0	1.7	0.1985434999999999	2.0	0.452
2015-07-01	11.056522	30	32.5	0.030083	41	0.044	0.3857145	1.0	1.1	0.212739	3.0	0.462
2015-07-02	7.082609	23	24.6	0.041917	64	0.059	0.5201865	1.0	1.6	0.210087	5.0	0.619
2015-07-03	9.795652	26	28.3	0.043042	80	0.064	1.985093	9.0	6.6	0.241384	5.0	0.701
2015-07-04	6.326087	16	17.0	0.031875	41	0.044	0.707143	3.0	2.5	0.1704205	2.0	0.361
2015-07-05	5.682609	11	12.2	0.026917	35	0.038	0.6568325	1.0	1.8	0.150801	2.0	0.256
2015-07-06	8.76087	21	22.6	0.025333	41	0.044	1.16677	3.0	2.1	0.1986305	2.0	0.338
2015-07-07	7.217391	19	20.0	0.04525	80	0.064	1.295652	4.0	3.1	0.1817935	2.0	0.42
2015-07-08	5.117391	21	22.5	0.036583	49	0.053	0.8580745000000001	6.0	4.6	0.1356415	2.0	0.381
2015-07-09	3.665217	9	10.8	0.032125	42	0.045	0.4180124999999999	1.0	1.4	0.1212685	2.0	0.374
2015-07-10	3.208696	8	8.7	0.033375	41	0.044	0.065528	0.0	0.1	0.113435	1.0	0.213
2015-07-11	7.921739	19	20.6	0.026375	39	0.042	0.6913045	3.0	2.0	0.202525	3.0	0.453
2015-07-12	6.169565	14	15.8	0.035833	49	0.053	1.478882	9.0	6.1	0.1933915	3.0	0.308
2015-07-13	6.473913	20	21.6	0.042667	77	0.063	0.7102485	3.0	2.6	0.2036704999999999	3.0	0.534
2015-07-14	7.873913	19	20.9	0.045917	115	0.075	0.5118015	1.0	1.3	0.2239095	5.0	0.591
2015-07-15	8.008696	24	25.5	0.029625	42	0.045	0.5413045000000001	1.0	1.7	0.1768914999999999	3.0	0.602
2015-07-16	8.917391	20	21.1	0.032	54	0.056	0.7934785	1.0	1.7	0.203214	3.0	0.537
2015-07-17	5.869565	11	12.7	0.01675	22	0.024	0.2900625	0.0	0.7	0.1732139999999999	2.0	0.316
2015-07-18	6.191304	11	12.0	0.016375	22	0.024	0.2065215	1.0	1.1	0.187163	2.0	0.313
2015-07-19	4.813043	10	11.3	0.021667	32	0.035	0.1568325	0.0	0.8	0.138355	2.0	0.359
2015-07-20	5.86087	15	16.5	0.035458	58	0.057	0.1403725	0.0	0.4	0.130279	2.0	0.347
2015-07-21	6.743478	15	16.1	0.038167	61	0.058	0.4546585	3.0	2.4	0.157775	2.0	0.339
2015-07-22	5.686957	9	10.3	0.032833	51	0.055	0.3158385	1.0	1.7	0.1448915	2.0	0.284
2015-07-23	7.291304	11	12.7	0.029542	46	0.05	0.397826	1.0	1.0	0.172025	3.0	0.492
2015-07-24	5.226087	10	11.8	0.036	58	0.057	0.126708	0.0	0.3	0.1239205	2.0	0.228
2015-07-25	3.704348	9	10.0	0.041125	46	0.05	0.1015525	0.0	0.5	0.107388	2.0	0.2
2015-07-26	2.104348	3	3.2	0.045375	47	0.051	0.0813665	0.0	0.2	0.097065	1.0	0.14
2015-07-27	9.395652	34	36.1	0.046833	115	0.075	0.7813665	3.0	2.4	0.2322175	5.0	0.991
2015-07-28	7.978261	21	22.3	0.027542	42	0.045	0.943789	6.0	4.5	0.2098335	3.0	0.512
2015-07-29	6.191304	15	16.7	0.022	30	0.032	0.411491	1.0	1.2	0.133326	2.0	0.278
2015-07-30	7.165217	21	22.4	0.027667	39	0.042	0.5568325	3.0	2.0	0.180453	3.0	0.419
2015-07-31	5.047826	13	14.9	0.031167	41	0.044	0.060559	0.0	0.2	0.1304925	2.0	0.312
2015-08-01	7.33913	21	22.2	0.036583	48	0.052	0.3102485	0.0	0.8	0.219348	5.0	0.637
2015-08-02	6.330435	16	17.0	0.032583	47	0.051	0.463354	1.0	1.4	0.1660945	2.0	0.45
2015-08-03	7.886957	13	14.7	0.022958	42	0.045	1.3313665	7.0	5.6	0.2117684999999999	3.0	0.567
2015-08-04	8.73913	22	23.3	0.039042	101	0.071	1.362422	6.0	4.4	0.2386849999999999	5.0	0.649
2015-08-05	8.891304	15	16.3	0.025542	38	0.041	1.3559005	4.0	3.1	0.1849765	3.0	0.562
2015-08-06	6.995652	11	12.9	0.030864	40	0.043	0.3798135	1.0	1.9	0.1746085	2.0	0.282
2015-08-07	3.821739	11	12.5	0.039632	44	0.048	0.4136645	3.0	2.5	0.1153875	3.0	0.544
2015-08-08	5.617391	17	18.7	0.037833	46	0.05	1.073913	9.0	6.3	0.1322424999999999	2.0	0.339
2015-08-09	6.608696	17	18.9	0.026667	41	0.044	1.071118	4.0	3.6	0.1770435	3.0	0.574
2015-08-10	7.778261	18	19.4	0.023792	39	0.042	1.4931675	4.0	3.2	0.177942	2.0	0.421
2015-08-11	8.4	19	20.6	0.024542	36	0.039	1.143789	6.0	4.3	0.2438334999999999	5.0	0.557
2015-08-12	9.278261	24	25.6	0.024917	44	0.047	0.8201865	1.0	1.8	0.222315	3.0	0.523
2015-08-13	10.1	22	23.9	0.03775	54	0.056	1.847205	9.0	6.4	0.3102715	6.0	0.729
2015-08-14	10.426087	20	21.3	0.041	93	0.068	1.2329195	4.0	3.2	0.2318585	5.0	0.685
2015-08-15	8.186957	25	27.0	0.043	93	0.068	1.3602485	6.0	4.6	0.244826	5.0	0.774
2015-08-16	6.013043	15	16.9	0.025958	39	0.042	0.470497	1.0	1.9	0.1646195	2.0	0.232
2015-08-17	7.878261	17	18.5	0.026958	49	0.053	0.5388200000000001	3.0	2.0	0.2049965	3.0	0.343
2015-08-18	8.356522	18	19.1	0.032917	49	0.053	0.5161495	1.0	1.5	0.198565	3.0	0.378
2015-08-19	9.96087	19	20.4	0.028875	71	0.061	1.727329	9.0	6.7	0.2586739999999999	3.0	0.471
2015-08-20	6.752941	10	11.9	0.016267	23	0.025	0.56	1.0	1.9	0.2188735	3.0	0.33
2015-08-21	6.872222	11	12.3	0.018579	28	0.03	0.3725	0.0	0.8	0.2004314999999999	3.0	0.426
2015-08-22	6.426087	10	11.0	0.028208	46	0.05	1.2357144999999998	4.0	3.7	0.188848	2.0	0.286
2015-08-23	7.469565	17	18.3	0.028792	47	0.051	1.547826	7.0	5.5	0.1908045	2.0	0.249
2015-08-24	11.621739	25	27.0	0.022458	43	0.046	1.2673915	3.0	2.9	0.2678184999999999	5.0	0.678
2015-08-25	12.108696	29	31.3	0.02025	32	0.035	0.590683	1.0	1.8	0.2754965	5.0	0.563
2015-08-26	12.091304	25	27.1	0.041417	84	0.065	1.9723605	7.0	5.2	0.281087	5.0	0.598
2015-08-27	13.93913	40	42.3	0.033	77	0.063	1.587578	6.0	4.4	0.325935	8.0	1.167
2015-08-28	10.652174	21	22.8	0.040708	71	0.061	1.6636645	4.0	3.8	0.2382425	5.0	0.584
2015-08-29	8.352174	27	29.5	0.037708	58	0.057	1.3493785	7.0	5.0	0.1989314999999999	5.0	0.674
2015-08-30	4.586957	15	16.2	0.02325	35	0.038	0.3173915	3.0	2.7	0.122801	2.0	0.405
2015-08-31	6.926087	19	20.7	0.029083	44	0.047	0.5568325	1.0	1.7	0.175029	3.0	0.824
2015-09-01	7.034783	17	18.0	0.023833	31	0.033	0.653106	1.0	1.7	0.1695035	2.0	0.312
2015-09-02	6.921739	15	16.7	0.028208	42	0.045	0.5847825	1.0	1.3	0.1860725	3.0	0.496
2015-09-03	6.66087	20	21.2	0.028917	41	0.044	0.504348	1.0	1.6	0.1935945	5.0	0.717
2015-09-04	6.704348	15	16.8	0.024583	34	0.037	0.5863635	3.0	2.4	0.1746085	2.0	0.4
2015-09-05	6.543478	12	13.4	0.019083	29	0.031	0.4431675	1.0	1.2	0.1514565	2.0	0.315
2015-09-06	5.326087	11	12.8	0.020833	31	0.034	0.9242235	4.0	3.5	0.1523405	2.0	0.305
2015-09-07	4.065217	13	14.3	0.026083	31	0.034	0.2431675	0.0	0.9	0.119848	2.0	0.38
2015-09-08	6.673913	13	14.7	0.0345	46	0.05	0.511491	4.0	3.1	0.1413805	2.0	0.522
2015-09-09	14.022727	22	23.7	0.019833	31	0.034	1.0204545	4.0	3.4	0.2865	6.0	0.603
2015-09-10	14.936364	27	29.2	0.021542	34	0.037	0.95303	1.0	1.9	0.2355455	3.0	0.457
2015-09-11	13.526087	26	28.7	0.025917	48	0.052	1.625155	7.0	5.4	0.317315	6.0	0.992
2015-09-12	9.8	22	23.2	0.017208	29	0.031	0.5251549999999999	1.0	1.7	0.2326665	5.0	0.578
2015-09-13	6.034783	15	16.6	0.034833	64	0.059	0.5388200000000001	3.0	2.5	0.1820399999999999	5.0	0.4
2015-09-14	4.595652	8	9.5	0.021792	31	0.034	0.2841615	3.0	2.4	0.1446555	3.0	0.362
2015-09-15	5.178261	14	15.8	0.0155	22	0.024	0.7049690000000001	4.0	3.0	0.1707354999999999	5.0	0.815
2015-09-16	3.865217	8	8.2	0.030833	44	0.047	0.190683	0.0	0.9	0.107826	1.0	0.275
2015-09-17	9.795652	25	26.0	0.034458	49	0.053	0.1496895	0.0	0.5	0.161913	2.0	0.435
2015-09-18	13.443478	25	26.6	0.039958	80	0.064	0.7913045000000001	1.0	1.4	0.2615435	5.0	0.745
2015-09-19	10.247826	23	24.0	0.03675	97	0.069	0.927922	1.0	1.5	0.222779	5.0	0.492
2015-09-20	6.921739	19	20.7	0.021833	31	0.034	0.5186335	3.0	2.5	0.162634	2.0	0.39
2015-09-21	11.034783	18	19.4	0.01825	24	0.026	0.6223605	3.0	2.1	0.2251159999999999	3.0	0.408
2015-09-22	10.275	24	25.0	0.020824	41	0.044	0.6325000000000001	3.0	2.0	0.2146735	3.0	0.547
2015-09-23	15.131579	37	39.6	0.043438	140	0.082	0.7161109999999999	1.0	1.3	0.2878684999999999	5.0	0.843
2015-09-24	14.795652	36	38.7	0.034875	67	0.06	0.4496895	0.0	0.9	0.2917645	5.0	0.7
2015-09-25	17.691304	42	45.3	0.030458	61	0.058	0.665528	3.0	2.3	0.4119564999999999	8.0	1.567
2015-09-26	13.052174	29	31.8	0.030875	50	0.054	0.6136645	3.0	2.2	0.254826	8.0	0.7
2015-09-27	8.626087	21	22.9	0.021833	37	0.04	0.937267	6.0	4.5	0.1953915	3.0	0.447
2015-09-28	8.46087	21	22.7	0.0275	40	0.043	0.66677	4.0	3.2	0.2235	5.0	0.889
2015-09-29	13.426087	33	35.4	0.031792	49	0.053	0.8711180000000001	3.0	2.8	0.312888	7.0	1.246
2015-09-30	16.291304	33	35.3	0.027083	58	0.057	1.4881984999999998	10.0	7.6	0.372714	7.0	1.452
2015-10-01	7.752174	26	28.0	0.027833	37	0.04	0.5863354999999999	3.0	2.6	0.274862	7.0	1.139
2015-10-02	5.83913	24	25.6	0.036083	42	0.045	0.192857	1.0	1.0	0.131873	2.0	0.409
2015-10-03	5.643478	11	12.1	0.036042	44	0.048	0.077019	0.0	0.2	0.156942	2.0	0.253
2015-10-04	3.034783	7	7.0	0.036583	43	0.046	0.0835405	0.0	0.5	0.1100184999999999	2.0	0.2
2015-10-05	3.072727	7	7.9	0.041292	44	0.047	0.0475155	0.0	0.3	0.1077045	1.0	0.236
2015-10-06	8.934783	30	32.7	0.034625	48	0.052	0.056211	0.0	0.2	0.159362	3.0	0.568
2015-10-07	16.063636	38	40.9	0.03025	47	0.051	0.3618015	1.0	1.6	0.3096339999999999	8.0	1.313
2015-10-08	10.486957	28	30.7	0.032708	45	0.049	0.126708	0.0	0.3	0.2189019999999999	8.0	0.7
2015-10-09	13.182609	44	47.1	0.029458	44	0.047	0.3496895	3.0	2.9	0.3093585	7.0	1.727
2015-10-10	14.913043	28	30.9	0.022292	43	0.046	0.502174	1.0	1.2	0.3103515	7.0	0.858
2015-10-11	11.430435	30	32.9	0.024333	45	0.049	1.3335405	3.0	2.7	0.288964	7.0	0.626
2015-10-12	16.578261	34	36.6	0.016708	33	0.036	0.9546585	1.0	1.7	0.346627	6.0	0.821
2015-10-13	12.447826	23	24.6	0.015667	26	0.028	0.7366459999999999	1.0	1.9	0.30479	5.0	0.685
2015-10-14	9.169565	20	21.3	0.024792	35	0.038	0.3223605	0.0	0.7	0.2601704999999999	5.0	0.945
2015-10-15	5.878261	9	10.5	0.022542	29	0.031	0.0813665	0.0	0.3	0.1314565	2.0	0.249
2015-10-16	5.891304	13	14.6	0.022625	31	0.034	0.3251549999999999	1.0	1.0	0.113366	2.0	0.239
2015-10-17	5.204348	8	9.1	0.026875	36	0.039	0.06118	0.0	0.6	0.11354	2.0	0.212
2015-10-18	3.969565	9	10.2	0.029833	35	0.038	0.0360245	0.0	0.2	0.122786	2.0	0.257
2015-10-19	2.873913	7	7.3	0.03925	42	0.045	0.002174	0.0	0.1	0.1094775	1.0	0.164
2015-10-20	4.569565	12	13.6	0.039083	46	0.05	0.1295029999999999	0.0	0.6	0.1250725	2.0	0.241
2015-10-21	17.104348	40	42.8	0.021417	41	0.044	0.4158385	1.0	1.7	0.3763915	9.0	1.35
2015-10-22	18.291304	35	37.9	0.025333	41	0.044	0.609091	1.0	1.6	0.484029	9.0	1.414
2015-10-23	12.186957	32	34.9	0.031292	47	0.051	0.2130435	0.0	0.5	0.343225	8.0	1.519
2015-10-24	7.604348	18	19.4	0.031375	42	0.045	0.1130434999999999	0.0	0.2	0.2000325	8.0	0.7
2015-10-25	13.221739	29	31.8	0.021458	36	0.039	0.1813664999999999	0.0	0.4	0.2506049999999999	5.0	0.575
2015-10-26	15.386957	35	37.8	0.025375	47	0.051	0.2878885	1.0	1.3	0.3266015	6.0	1.34
2015-10-27	20.852174	36	38.9	0.021458	45	0.049	0.6704969999999999	4.0	3.3	0.4489205	10.0	2.178
2015-10-28	17.517391	45	48.4	0.035333	50	0.054	1.190683	4.0	3.8	0.6265075	14.0	2.35
2015-10-29	3.643478	8	8.2	0.038042	43	0.046	0.1130434999999999	0.0	0.2	0.1177749999999999	2.0	0.2
2015-10-30	5.334783	12	13.4	0.03275	40	0.043	0.1245344999999999	0.0	0.5	0.130098	2.0	0.295
2015-10-31	16.569565	32	34.2	0.018708	39	0.042	1.4897515	9.0	6.7	0.8183260000000001	28.0	4.327
2015-11-01	17.782609	33	35.8	0.018417	38	0.041	1.923292	4.0	3.5	1.183318	35.0	3.844
2015-11-02	11.617391	29	31.3	0.023958	35	0.038	0.943182	4.0	3.3	0.3103585	7.0	0.996
2015-11-03	2.195652	3	3.6	0.039917	40	0.043	0.097826	0.0	0.1	0.103913	1.0	0.138
2015-11-04	6.782609	25	26.9	0.031375	40	0.043	0.268323	1.0	1.5	0.2104055	5.0	0.834
2015-11-05	13.365217	28	30.4	0.020542	34	0.037	0.179193	0.0	0.4	0.255692	5.0	0.653
2015-11-06	8.93913	28	30.2	0.026042	35	0.038	0.2338505	0.0	0.4	0.1977065	5.0	0.516
2015-11-07	6.869565	23	24.3	0.03	38	0.041	0.1993785	0.0	0.3	0.1671015	3.0	0.424
2015-11-08	12.247826	32	34.3	0.023083	42	0.045	0.876087	6.0	4.8	0.560221	23.0	4.356
2015-11-09	13.204348	33	35.0	0.032083	42	0.045	1.6040370000000002	9.0	6.4	0.806163	31.0	3.435
2015-11-10	2.73913	4	4.8	0.039417	42	0.045	0.104348	0.0	0.2	0.16646	2.0	0.2
2015-11-11	10.369565	29	31.7	0.027083	39	0.042	0.368323	1.0	1.7	0.302098	7.0	1.717
2015-11-12	11.308696	29	31.9	0.025167	38	0.041	0.3086955	0.0	0.8	0.299203	7.0	0.914
2015-11-13	14.626087	33	35.5	0.020333	38	0.041	0.502174	1.0	1.7	0.393989	9.0	1.615
2015-11-14	17.247826	33	35.5	0.017417	38	0.041	1.1236025	6.0	4.0	0.736888	23.0	3.527
2015-11-15	9.882609	27	29.1	0.034833	44	0.048	1.089441	4.0	3.4	0.6768585	30.0	3.037
2015-11-16	3.304348	8	8.4	0.035417	38	0.041	0.163354	0.0	0.2	0.135105	2.0	0.216
2015-11-17	14.969565	36	38.7	0.020833	39	0.042	0.6956519999999999	6.0	4.4	0.380587	10.0	1.953
2015-11-18	24.7	33	35.4	0.014417	26	0.028	0.7015155	3.0	2.2	0.707021	11.0	1.411
2015-11-19	27.572727	40	42.9	0.015083	31	0.034	0.709091	1.0	1.6	0.647822	13.0	1.586
2015-11-20	24.308696	58	61.3	0.018167	34	0.037	0.8583850000000001	6.0	4.6	0.8161015	17.0	3.029
2015-11-21	11.169565	22	23.4	0.023167	36	0.039	0.2447204999999999	0.0	0.4	0.3082175	8.0	0.7
2015-11-22	15.782609	35	37.1	0.020125	37	0.04	0.3813665	1.0	1.0	0.452536	10.0	1.231
2015-11-23	21.93913	39	41.1	0.013792	31	0.033	0.7158384999999999	3.0	2.7	0.5972900000000001	10.0	1.843
2015-11-24	28.169565	38	40.5	0.014833	31	0.033	2.419876	10.0	7.1	0.950562	18.0	2.599
2015-11-25	3.569565	11	12.3	0.038625	40	0.043	0.1813664999999999	0.0	0.4	0.234174	8.0	0.7
2015-11-26	4.643478	15	16.6	0.033958	38	0.041	0.165528	0.0	0.3	0.2361305	3.0	0.372
2015-11-27	8.36087	22	23.5	0.027125	32	0.035	0.1993785	0.0	0.4	0.301779	5.0	0.718
2015-11-28	11.747826	29	31.7	0.021208	35	0.038	0.2546585	0.0	0.8	0.394163	9.0	1.441
2015-11-29	12.717391	28	30.9	0.019875	35	0.038	0.2360245	0.0	0.6	0.4078295	9.0	0.923
2015-11-30	18.734783	36	38.2	0.017333	32	0.035	0.4403725	1.0	1.4	0.5417465	11.0	1.843
2015-12-01	19.147826	38	40.4	0.017917	35	0.038	0.5819875	1.0	1.4	0.6389925000000001	14.0	1.693
2015-12-02	23.869565	41	43.9	0.015167	31	0.033	0.795652	3.0	2.2	0.793221	15.0	1.836
2015-12-03	21.152174	37	39.7	0.014583	31	0.034	0.779193	3.0	2.6	0.679326	17.0	2.387
2015-12-04	31.778261	82	83.4	0.01125	22	0.024	2.1931675	9.0	6.9	1.773714	45.0	5.693
2015-12-05	18.226087	36	38.3	0.021083	36	0.039	0.451242	0.0	0.9	0.501902	9.0	1.248
2015-12-06	14.926087	34	36.1	0.021458	34	0.037	0.3475155	0.0	0.7	0.4202175	7.0	1.069
2015-12-07	19.634783	42	44.4	0.0165	32	0.035	0.6201865	1.0	1.9	0.594884	10.0	1.849
2015-12-08	26.240909	56	59.7	0.012833	30	0.032	1.0515155	3.0	2.7	0.8527199999999999	15.0	2.269
2015-12-09	25.5	40	42.5	0.010375	22	0.024	1.120807	4.0	3.9	0.8884965	16.0	2.117
2015-12-10	33.743478	77	78.5	0.01475	31	0.034	4.75	23.0	16.1	1.6704095	32.0	3.668
2015-12-11	3.163636	4	4.8	0.039667	40	0.043	0.294697	1.0	1.0	0.2329545	15.0	1.3
2015-12-12	10.8	31	33.4	0.024875	38	0.041	0.3431675	1.0	1.6	0.363	9.0	1.606
2015-12-13	22.317391	36	38.5	0.021417	30	0.032	1.011491	3.0	2.7	0.727616	16.0	1.87
2015-12-14	5.256522	24	25.1	0.036708	39	0.042	0.258385	0.0	0.8	0.261862	6.0	0.508
2015-12-15	14.521739	30	32.1	0.021042	34	0.037	0.3180125	0.0	0.7	0.3653405	6.0	0.75
2015-12-16	15.921739	32	34.9	0.017333	31	0.034	0.8006215	4.0	3.0	0.751877	24.0	3.733
2015-12-17	21.691304	34	36.2	0.014167	29	0.031	1.1481365	3.0	2.9	1.382362	33.0	3.839
2015-12-18	19.382609	41	43.1	0.015125	31	0.034	0.565528	1.0	1.2	0.580185	11.0	1.475
2015-12-19	26.386957	45	48.2	0.013958	26	0.028	1.462422	4.0	3.7	0.9571195	19.0	2.782
2015-12-20	8.856522	30	32.4	0.027167	37	0.04	0.5664595	3.0	2.9	0.38904	20.0	1.8
2015-12-21	19.486957	32	34.9	0.014458	29	0.031	0.558385	3.0	2.4	0.6055035	15.0	3.285
2015-12-22	16.16087	32	34.3	0.02125	29	0.031	1.197205	4.0	3.5	0.8490795	26.0	3.503
2015-12-23	9.486957	25	27.8	0.027792	34	0.037	0.390683	3.0	2.0	0.3520185	7.0	1.078
2015-12-24	13.047826	35	37.7	0.028042	34	0.037	0.7776395	6.0	4.3	0.3860795	7.0	0.939
2015-12-25	2.013043	3	3.7	0.038167	40	0.043	0.1835405	0.0	0.3	0.237435	7.0	0.6
2015-12-26	2.517391	4	4.3	0.033708	36	0.039	0.202174	0.0	0.3	0.207652	2.0	0.245
2015-12-27	12.2	33	35.4	0.021542	37	0.04	0.868944	4.0	3.7	0.629902	20.0	2.956
2015-12-28	24.221739	39	41.2	0.01575	29	0.031	1.1102485000000002	3.0	2.7	1.081402	22.0	2.98
2015-12-29	17.556522	39	41.0	0.016083	33	0.036	0.8394409999999999	3.0	2.7	0.7949165	24.0	3.071
2015-12-30	23.13913	35	37.7	0.015875	30	0.032	0.9080745	3.0	2.0	1.061935	28.0	2.593
