Date Local	NO2 Mean	NO2 AQI	NO2 1st Max Value	O3 Mean	O3 AQI	O3 1st Max Value	SO2 Mean	SO2 AQI	SO2 1st Max Value	CO Mean	CO AQI	CO 1st Max Value
2013-01-01	12.226087	24	25.1	0.02075	27	0.032	0.808442	1.0	1.5	0.3849035	7.0	1.0
2013-01-02	15.769565	26	28.5	0.017208	26	0.031	0.9227275	1.0	1.5	0.4019925	6.0	0.6
2013-01-03	22.773913	30	32.4	0.009417	17	0.02	1.2022725	4.0	3.1	0.5405795	7.0	0.8
2013-01-04	18.508696	26	28.0	0.012333	23	0.027	1.3366885	6.0	4.1	0.465761	7.0	0.7
2013-01-05	19.782609	27	29.9	0.008542	19	0.023	0.7717535	1.0	1.7	0.631703	9.0	1.1
2013-01-06	11.513043	30	32.3	0.015167	24	0.028	0.3623375	0.0	0.9	0.4539855	9.0	1.2
2013-01-07	18.065217	26	28.3	0.004667	10	0.012	0.774026	1.0	1.5	0.7189315	10.0	1.4
2013-01-08	18.252174	25	27.7	0.0075	16	0.019	1.4016235	6.0	4.1	0.533605	9.0	0.8
2013-01-09	14.330435	25	27.1	0.022	31	0.037	0.8272725000000001	3.0	2.5	0.469475	9.0	1.5
2013-01-10	6.782609	30	32.2	0.030375	30	0.035	0.218182	0.0	0.5	0.2362315	3.0	0.6
2013-01-11	11.786957	32	34.4	0.020583	26	0.031	0.4412339999999999	1.0	1.6	0.3262684999999999	6.0	0.9
2013-01-12	13.943478	29	31.8	0.016292	25	0.03	0.9435065	3.0	2.0	0.4209239999999999	7.0	0.7
2013-01-13	13.647826	30	32.9	0.021875	25	0.029	1.064935	4.0	3.6	0.384873	6.0	0.8
2013-01-14	15.16087	34	36.4	0.017792	29	0.034	0.741558	3.0	2.0	0.398188	7.0	0.9
2013-01-15	22.391304	39	41.9	0.011292	25	0.029	1.3048705	3.0	2.9	0.5490035	8.0	1.2
2013-01-16	24.878261	42	44.6	0.012292	23	0.027	1.367208	3.0	2.3	0.6146739999999999	10.0	1.4
2013-01-17	29.8	37	39.1	0.008333	12	0.014	1.7885415	3.0	2.6	0.4296075	7.0	0.7
2013-01-18	20.895652	38	40.5	0.017583	29	0.034	1.387987	4.0	3.4	0.3574275	6.0	0.7
2013-01-19	16.073913	27	29.3	0.018375	27	0.032	1.399675	6.0	4.2	0.314674	5.0	0.4
2013-01-20	16.565217	32	34.6	0.017458	29	0.034	1.0594155	3.0	2.3	0.326087	6.0	0.8
2013-01-21	16.430435	28	30.3	0.022875	29	0.034	1.342857	4.0	3.3	0.365489	7.0	0.6
2013-01-22	16.478261	24	25.9	0.016875	21	0.025	0.964935	3.0	2.3	0.4108695	6.0	0.8
2013-01-23	25.308696	36	38.8	0.006833	14	0.017	0.867208	1.0	1.8	0.678714	10.0	1.7
2013-01-24	13.213043	21	22.6	0.011667	19	0.022	0.7696970000000001	1.0	1.3	0.401902	6.0	0.7
2013-01-25	11.573913	18	19.9	0.008542	17	0.02	0.476299	0.0	0.9	0.449185	6.0	0.7
2013-01-26	8.0	24	25.1	0.028958	33	0.039	0.399351	1.0	1.1	0.3865944999999999	7.0	0.7
2013-01-27	3.076923	11	12.4	0.029958	29	0.034	0.150974	0.0	0.2	0.2936595	5.0	0.5
2013-01-28	6.375	25	27.2	0.028292	28	0.033	0.2113634999999999	0.0	0.4	0.359239	6.0	1.0
2013-01-29	14.982609	29	31.0	0.015875	26	0.031	0.4717535	3.0	2.1	0.596105	11.0	2.2
2013-01-30	18.6	31	33.1	0.006542	12	0.014	0.6136365	1.0	1.3	0.5850545	8.0	1.2
2013-01-31	19.134783	32	34.0	0.011875	24	0.028	1.181061	3.0	2.5	0.5233695	7.0	0.9
2013-02-01	19.165217	34	36.7	0.015542	25	0.03	1.0623375	3.0	2.6	0.5193840000000001	8.0	1.1
2013-02-02	11.73913	22	23.6	0.017708	21	0.025	0.5181819999999999	1.0	1.4	0.4614129999999999	8.0	0.7
2013-02-03	16.869565	27	29.7	0.016083	30	0.035	0.643831	1.0	1.4	0.5789855	8.0	1.1
2013-02-04	14.382609	25	27.8	0.014792	24	0.028	0.5272725	1.0	1.1	0.413949	9.0	0.8
2013-02-05	6.530435	16	17.8	0.027458	30	0.035	0.3948055	1.0	1.0	0.2171195	3.0	0.3
2013-02-06	11.504348	25	27.0	0.021917	30	0.035	0.5272725	1.0	1.7	0.325362	6.0	1.0
2013-02-07	14.265217	28	30.5	0.026375	34	0.04	0.578788	3.0	2.2	0.3190215	5.0	0.5
2013-02-08	10.386957	23	24.6	0.021583	27	0.032	0.4948055	1.0	1.0	0.342663	5.0	0.7
2013-02-09	13.604348	31	33.2	0.016417	31	0.036	0.487987	1.0	1.3	0.408877	7.0	0.8
2013-02-10	16.234783	28	30.4	0.013292	20	0.024	0.806818	1.0	1.9	0.474275	8.0	0.8
2013-02-11	13.413043	25	26.5	0.019167	31	0.036	0.6230519999999999	3.0	2.1	0.427355	7.0	0.8
2013-02-12	17.365217	30	32.9	0.013917	25	0.029	1.0022725	4.0	3.2	0.45779	7.0	0.8
2013-02-13	15.495652	22	23.7	0.014375	18	0.021	0.738961	3.0	2.1	0.4740035	7.0	1.0
2013-02-14	17.743478	36	38.7	0.012125	18	0.021	0.9795455	3.0	2.3	0.5321555	8.0	1.2
2013-02-15	14.886957	34	36.5	0.0235	33	0.039	1.3272725	3.0	2.4	0.368025	7.0	0.7
2013-02-16	14.93913	27	29.6	0.022708	33	0.039	0.937013	3.0	2.3	0.3826085	7.0	0.6
2013-02-17	11.604348	22	23.4	0.022083	25	0.029	0.5181819999999999	1.0	1.1	0.3658515	5.0	0.6
2013-02-18	6.173913	25	26.7	0.036458	36	0.043	0.325325	1.0	1.1	0.274185	5.0	0.5
2013-02-19	4.2	8	8.8	0.037417	34	0.04	0.243831	0.0	0.5	0.2468294999999999	3.0	0.3
2013-02-20	6.191304	16	17.8	0.025958	28	0.033	0.167208	0.0	0.3	0.3042575	5.0	0.6
2013-02-21	12.682609	25	27.8	0.019625	30	0.035	0.4098484999999999	1.0	1.1	0.4173915	6.0	0.7
2013-02-22	14.843478	31	33.6	0.024	32	0.038	0.5532465000000001	1.0	1.7	0.559239	8.0	1.1
2013-02-23	2.765217	6	6.4	0.035458	32	0.038	0.199675	0.0	0.4	0.346739	5.0	0.4
2013-02-24	6.226087	14	15.3	0.030958	35	0.041	0.2204545	0.0	0.8	0.3619565	6.0	0.5
2013-02-25	17.521739	33	35.8	0.016833	25	0.029	0.483442	1.0	1.0	0.563949	8.0	1.3
2013-02-26	16.213043	32	34.5	0.017708	31	0.037	0.367208	0.0	0.7	0.5403985	8.0	1.1
2013-02-27	15.091304	23	24.9	0.019167	27	0.032	0.7626625	1.0	1.8	0.5825184999999999	8.0	1.2
2013-02-28	18.052174	25	27.8	0.014095	19	0.023	0.4174245	1.0	1.1	0.5660324999999999	7.0	0.8
2013-03-01	13.668421	31	33.4	0.013789	22	0.026	1.1010525	3.0	2.9	0.575987	7.0	1.1
2013-03-02	12.830435	17	18.9	0.015375	22	0.026	0.6905845	3.0	2.0	0.5783514999999999	8.0	0.7
2013-03-03	6.021739	14	15.5	0.029708	28	0.033	0.250649	0.0	0.6	0.4766304999999999	6.0	0.6
2013-03-04	6.834783	16	17.0	0.026333	28	0.033	0.1532465	0.0	0.3	0.3505435	6.0	0.6
2013-03-05	9.490476	22	23.8	0.035833	35	0.041	0.4690475	1.0	1.1	0.2367425	3.0	0.5
2013-03-06	7.83913	30	32.4	0.030042	35	0.041	0.2344155	0.0	0.4	0.2259054999999999	3.0	0.7
2013-03-07	11.295652	21	22.4	0.021458	26	0.031	0.9363635	1.0	1.9	0.333605	6.0	0.8
2013-03-08	4.508696	12	13.6	0.029375	31	0.036	0.3857145	0.0	0.6	0.2065215	2.0	0.4
2013-03-09	10.647826	25	26.9	0.0165	26	0.031	0.5717535	1.0	1.1	0.3174814999999999	6.0	0.7
2013-03-10	10.521739	13	14.7	0.019042	25	0.029	0.7441559999999999	3.0	2.4	0.3613225	6.0	0.5
2013-03-11	11.2	23	24.9	0.019833	23	0.027	1.1227275	4.0	3.2	0.352989	6.0	0.8
2013-03-12	13.840909	23	24.6	0.017583	19	0.023	0.738095	1.0	1.7	0.3109845	5.0	0.7
2013-03-13	16.117647	25	27.0	0.018	35	0.041	0.6	1.0	1.4	0.3731089999999999	6.0	0.8
2013-03-14	11.595652	18	19.3	0.015917	18	0.021	0.0765155	0.0	0.4	0.3677534999999999	5.0	0.5
2013-03-15	15.273913	31	33.6	0.015333	17	0.02	0.4785715	1.0	1.8	0.4358694999999999	7.0	1.0
2013-03-16	7.234783	12	13.7	0.028375	32	0.038	0.0464285	0.0	0.6	0.314674	5.0	0.4
2013-03-17	7.621739	20	21.7	0.029	34	0.04	0.1207795	1.0	1.1	0.3192935	5.0	0.7
2013-03-18	16.93913	32	34.9	0.021333	24	0.028	0.6	6.0	4.1	0.4872285	9.0	1.2
2013-03-19	16.754545	34	36.9	0.022042	26	0.031	0.4988095	3.0	2.3	0.4892045	8.0	1.1
2013-03-20	12.795652	37	39.4	0.025792	30	0.035	0.4905845	1.0	1.4	0.4615035	7.0	0.8
2013-03-21	6.76087	21	22.9	0.030042	31	0.037	0.131818	1.0	1.2	0.3408515	5.0	0.6
2013-03-22	6.130435	16	17.6	0.031625	38	0.045	0.1743509999999999	0.0	0.4	0.389312	6.0	0.5
2013-03-23	7.982609	15	16.5	0.03325	40	0.047	0.386039	3.0	2.5	0.4125	6.0	0.6
2013-03-24	8.765217	23	24.3	0.032583	34	0.04	0.1788965	0.0	0.7	0.468025	7.0	0.9
2013-03-25	5.86087	22	23.4	0.038333	36	0.042	0.048701	0.0	0.5	0.284692	5.0	0.6
2013-03-26	9.565217	26	28.2	0.031583	31	0.037	0.2811689999999999	3.0	2.4	0.2255435	3.0	0.4
2013-03-27	9.091304	25	26.4	0.029375	30	0.035	0.2853895	1.0	1.0	0.2447464999999999	3.0	0.5
2013-03-28	9.13913	15	16.9	0.02425	29	0.034	0.6000000000000001	1.0	1.6	0.2298915	3.0	0.3
2013-03-29	9.109091	20	21.8	0.024958	29	0.034	0.4321429999999999	1.0	1.7	0.2304925	3.0	0.3
2013-03-30	4.069565	10	11.3	0.026	24	0.028	0.2090909999999999	1.0	1.0	0.2043479999999999	2.0	0.3
2013-03-31	6.530435	11	12.8	0.02825	30	0.035	0.2717535	0.0	0.8	0.231975	3.0	0.3
2013-04-01	8.530435	19	20.8	0.024375	33	0.039	0.2162339999999999	1.0	1.3	0.2660325	5.0	0.5
2013-04-02	11.734783	21	22.5	0.020833	25	0.029	0.3551944999999999	1.0	1.3	0.3571555	7.0	1.3
2013-04-03	8.6	18	19.4	0.025375	27	0.032	0.2788965	3.0	2.7	0.2424815	3.0	0.3
2013-04-04	7.204348	18	19.8	0.028542	29	0.034	0.2848485	1.0	1.4	0.2425725	3.0	0.4
2013-04-05	5.06087	9	10.7	0.029333	28	0.033	0.4116884999999999	1.0	1.6	0.2212859999999999	3.0	0.3
2013-04-06	5.165217	9	10.3	0.031667	31	0.036	0.0	0.0	0.0	0.257337	3.0	0.4
2013-04-07	2.1	3	3.6	0.040083	37	0.044	0.2025974999999999	1.0	1.1	0.2255435	3.0	0.4
2013-04-08	2.578261	8	9.4	0.038167	36	0.042	0.0	0.0	0.0	0.2043479999999999	2.0	0.3
2013-04-09	4.586957	11	12.3	0.030583	34	0.04	0.0	0.0	0.0	0.2086954999999999	2.0	0.3
2013-04-10	5.93913	15	16.8	0.02175	23	0.027	0.0672079999999999	0.0	0.3	0.2828805	5.0	0.5
2013-04-11	10.43	23	24.2	0.024611	27	0.032	0.1796055	0.0	0.7	0.288889	5.0	0.5
2013-04-12	11.869565	23	24.3	0.025333	25	0.029	0.141883	0.0	0.6	0.338315	5.0	0.5
2013-04-13	5.052174	10	11.9	0.033875	35	0.041	0.0	0.0	0.1	0.293388	5.0	0.4
2013-04-14	4.913043	14	15.5	0.035958	36	0.042	0.0694805	0.0	0.5	0.2934785	5.0	0.6
2013-04-15	3.1	10	11.3	0.038542	37	0.044	0.016234	0.0	0.2	0.197826	3.0	0.4
2013-04-16	3.413043	9	10.6	0.036792	35	0.041	0.032792	0.0	0.1	0.2043479999999999	2.0	0.3
2013-04-17	5.93913	26	28.7	0.032917	37	0.044	0.016234	0.0	0.2	0.2171195	3.0	0.5
2013-04-18	10.034783	22	23.8	0.029208	35	0.041	0.331818	3.0	2.2	0.274275	3.0	0.6
2013-04-19	14.330435	27	29.8	0.024292	25	0.029	0.406818	1.0	1.4	0.310598	5.0	0.5
2013-04-20	8.217391	17	18.6	0.028	34	0.04	0.3136365	1.0	1.8	0.2341485	3.0	0.5
2013-04-21	9.373913	14	15.2	0.024583	31	0.037	0.3698055	1.0	1.7	0.2766305	3.0	0.5
2013-04-22	12.477273	23	24.8	0.027083	36	0.043	0.305952	1.0	1.0	0.3410985	6.0	0.8
2013-04-23	7.72381	21	22.5	0.041042	40	0.047	0.0940474999999999	0.0	0.7	0.2797345	3.0	0.4
2013-04-24	4.964706	13	14.7	0.03975	39	0.046	0.2488095	1.0	1.4	0.2632575	3.0	0.4
2013-04-25	3.909091	8	9.7	0.036125	32	0.038	0.21	1.0	1.5	0.256439	3.0	0.3
2013-04-26	6.63913	9	10.8	0.038792	36	0.042	0.0113635	0.0	0.4	0.244565	3.0	0.3
2013-04-27	4.865217	8	9.0	0.032083	34	0.04	0.0	0.0	0.0	0.231884	3.0	0.3
2013-04-28	7.956522	18	19.4	0.024958	26	0.031	0.055844	0.0	0.3	0.2403985	3.0	0.3
2013-04-29	12.882609	27	29.3	0.022083	25	0.03	0.1603895	1.0	1.0	0.325453	6.0	0.8
2013-04-30	15.213043	34	36.6	0.029875	42	0.049	0.3185065	1.0	1.6	0.3363224999999999	5.0	0.7
2013-05-01	8.656522	17	18.5	0.040917	44	0.052	0.1	0.0	0.6	0.2552535	5.0	0.4
2013-05-02	18.96087	41	43.2	0.039167	67	0.065	0.535606	1.0	1.9	0.3916665	6.0	0.8
2013-05-03	16.391304	28	30.2	0.0355	45	0.053	0.3094155	1.0	1.1	0.3677534999999999	6.0	0.6
2013-05-04	8.482609	20	21.1	0.03725	37	0.044	0.2743509999999999	1.0	1.0	0.2891304999999999	5.0	0.5
2013-05-05	4.76087	8	9.5	0.037208	36	0.042	0.0759739999999999	0.0	0.6	0.2552535	3.0	0.3
2013-05-06	5.786957	13	14.2	0.035125	35	0.041	0.150974	0.0	0.9	0.274547	3.0	0.4
2013-05-07	5.017391	11	12.8	0.035208	34	0.04	0.344156	4.0	3.1	0.295652	3.0	0.4
2013-05-08	4.313043	10	11.5	0.033625	30	0.035	0.158117	1.0	1.1	0.2680249999999999	3.0	0.3
2013-05-09	5.386957	11	12.3	0.032375	31	0.036	0.0545455	0.0	0.3	0.276721	3.0	0.4
2013-05-10	6.726087	15	16.4	0.029	28	0.033	0.0	0.0	0.0	0.297826	5.0	0.4
2013-05-11	7.4	15	16.5	0.027208	28	0.033	0.0	0.0	0.0	0.3000905	5.0	0.4
2013-05-12	6.121739	9	10.9	0.0195	19	0.023	0.0	0.0	0.0	0.295652	3.0	0.3
2013-05-13	8.23913	19	20.2	0.019292	21	0.025	0.0	0.0	0.0	0.3022645	5.0	0.4
2013-05-14	6.817391	11	12.2	0.034625	35	0.041	0.116234	0.0	0.5	0.255163	5.0	0.4
2013-05-15	4.343478	12	13.7	0.035125	32	0.038	0.0	0.0	0.1	0.2043479999999999	2.0	0.3
2013-05-16	4.108696	14	15.6	0.034083	32	0.038	0.0477275	1.0	1.1	0.2065215	2.0	0.3
2013-05-17	3.443478	7	7.4	0.031792	31	0.036	0.1766235	1.0	1.0	0.2	2.0	0.2
2013-05-18	5.108696	8	9.9	0.029167	29	0.034	0.308766	1.0	1.5	0.2277175	3.0	0.3
2013-05-19	9.182609	21	22.1	0.027167	35	0.041	0.5883115	4.0	3.0	0.2574275	3.0	0.4
2013-05-20	12.469565	27	29.1	0.025542	28	0.033	0.4185065	1.0	1.9	0.3638585	6.0	0.7
2013-05-21	4.23913	15	16.3	0.034792	32	0.038	0.2324675	0.0	0.9	0.255163	3.0	0.4
2013-05-22	1.878261	6	6.0	0.032875	31	0.036	0.0230519999999999	0.0	0.2	0.1807969999999999	2.0	0.2
2013-05-23	3.613043	6	6.5	0.029458	29	0.034	0.206061	1.0	1.4	0.202174	2.0	0.3
2013-05-24	8.573913	21	22.3	0.029125	31	0.037	0.1951295	0.0	0.8	0.2490035	3.0	0.5
2013-05-25	3.917391	8	8.2	0.030583	28	0.033	0.0464285	0.0	0.2	0.2233695	3.0	0.3
2013-05-26	1.586957	4	4.3	0.025917	23	0.027	0.109091	0.0	0.6	0.197826	2.0	0.2
2013-05-27	3.826087	8	8.1	0.021958	22	0.026	0.3256489999999999	1.0	1.8	0.2212859999999999	3.0	0.3
2013-05-28	6.656522	15	16.6	0.0225	24	0.028	0.143831	0.0	0.6	0.251087	3.0	0.4
2013-05-29	4.26087	14	15.1	0.026375	27	0.032	0.106818	0.0	0.6	0.244565	3.0	0.4
2013-05-30	11.247826	26	28.1	0.022375	28	0.033	0.3666664999999999	1.0	1.3	0.2788045	3.0	0.4
2013-05-31	12.443478	19	20.3	0.02175	25	0.029	0.316234	1.0	1.5	0.3362315	5.0	0.5
2013-06-01	10.3	15	16.1	0.021458	25	0.029	0.1461035	0.0	0.6	0.289312	5.0	0.4
2013-06-02	5.556522	11	12.4	0.023667	23	0.027	0.0977275	0.0	0.4	0.238134	3.0	0.3
2013-06-03	4.630435	9	10.7	0.030417	31	0.036	0.2269479999999999	3.0	2.0	0.2212859999999999	3.0	0.3
2013-06-04	3.269565	8	8.3	0.032583	31	0.036	0.183442	1.0	1.0	0.2065215	2.0	0.3
2013-06-05	4.291304	7	7.9	0.029958	27	0.032	0.183442	0.0	0.7	0.2680249999999999	3.0	0.3
2013-06-06	4.76087	9	10.3	0.0255	24	0.028	0.275	1.0	1.1	0.272373	3.0	0.4
2013-06-07	8.034783	12	13.8	0.024583	24	0.028	0.0788965	0.0	0.3	0.310688	5.0	0.4
2013-06-08	5.055556	7	7.5	0.0228	20	0.024	0.1375	0.0	0.4	0.2611115	3.0	0.3
2013-06-09	4.7836605	8.0	8.4	0.0244265	25.0	0.03	0.25375000000000003	1.0	1.2	0.33705075	6.0	0.5
2013-06-10	4.511765	8	8.4	0.026053	25	0.03	0.37	1.0	1.2	0.41299	6.0	0.5
2013-06-11	6.852174	12	13.0	0.021042	23	0.027	0.4275974999999999	1.0	1.5	0.280616	5.0	0.5
2013-06-12	8.126087	17	18.0	0.020042	23	0.027	0.301948	1.0	1.1	0.2361415	3.0	0.5
2013-06-13	10.352174	15	16.8	0.016	20	0.024	0.2848485	1.0	1.4	0.2554349999999999	3.0	0.4
2013-06-14	10.443478	19	20.2	0.019125	21	0.025	0.2743509999999999	1.0	1.3	0.280616	5.0	0.6
2013-06-15	3.052174	6	6.6	0.024042	22	0.026	0.025649	0.0	0.2	0.1891304999999999	2.0	0.2
2013-06-16	4.304348	10	11.3	0.0225	21	0.025	0.0275974999999999	0.0	0.3	0.1913045	2.0	0.2
2013-06-17	3.786957	11	12.6	0.020375	19	0.022	0.044156	0.0	0.3	0.2042574999999999	3.0	0.3
2013-06-18	2.247826	4	4.9	0.024583	23	0.027	0.083442	0.0	0.9	0.1913045	2.0	0.2
2013-06-19	3.056522	10	11.2	0.023417	24	0.028	0.176299	0.0	0.8	0.2043479999999999	2.0	0.3
2013-06-20	7.826087	17	18.7	0.018917	24	0.028	0.4272725	3.0	2.1	0.2532609999999999	5.0	0.5
2013-06-21	9.591304	14	15.3	0.016333	19	0.022	0.3555195	0.0	0.7	0.276721	3.0	0.3
2013-06-22	8.434783	17	18.0	0.017708	22	0.026	0.287987	0.0	0.8	0.2509055	3.0	0.4
2013-06-23	4.008696	8	8.0	0.01275	12	0.014	0.1204544999999999	0.0	0.5	0.227627	3.0	0.3
2013-06-24	6.56087	12	13.6	0.013667	14	0.017	0.1603895	0.0	0.7	0.272464	3.0	0.4
2013-06-25	8.034783	11	12.8	0.007042	8	0.01	0.5230520000000001	1.0	1.8	0.314674	5.0	0.5
2013-06-26	5.869565	9	10.9	0.005292	7	0.008	0.464935	3.0	2.9	0.2875	3.0	0.4
2013-06-27	8.573913	14	15.1	0.009917	15	0.018	0.646212	7.0	5.1	0.3298915	5.0	0.4
2013-06-28	8.456522	15	16.8	0.011292	15	0.018	0.1717535	0.0	0.6	0.3339675	5.0	0.5
2013-06-29	7.791304	10	11.7	0.014833	18	0.021	0.1785715	0.0	0.8	0.316938	5.0	0.4
2013-06-30	5.917391	9	10.8	0.015292	17	0.02	0.106818	0.0	0.4	0.2636775	3.0	0.3
2013-07-01	7.804348	15	16.4	0.013125	15	0.018	0.176299	0.0	0.7	0.302174	5.0	0.5
2013-07-02	5.526087	9	10.5	0.01575	17	0.02	0.0974025	0.0	0.4	0.280888	3.0	0.3
2013-07-03	6.530435	11	12.7	0.017542	20	0.024	0.287987	1.0	1.9	0.2852355	3.0	0.4
2013-07-04	6.456522	18	19.6	0.019792	21	0.025	0.2651515	1.0	1.7	0.3	3.0	0.4
2013-07-05	3.913043	6	6.8	0.022333	20	0.024	0.072078	0.0	0.2	0.280616	3.0	0.3
2013-07-06	2.573913	4	4.7	0.024667	22	0.026	0.1022724999999999	1.0	1.1	0.2488225	3.0	0.3
2013-07-07	3.608696	7	7.7	0.028458	25	0.03	0.4227275	1.0	1.7	0.261685	3.0	0.3
2013-07-08	5.517647	7	7.7	0.025429	25	0.029	0.158125	0.0	0.9	0.257353	3.0	0.4
2013-07-09	7.104348	12	13.6	0.024	25	0.029	0.0675325	0.0	0.9	0.2680249999999999	3.0	0.3
2013-07-10	4.530435	9	10.1	0.0235	22	0.026	0.0	0.0	0.0	0.268116	3.0	0.3
2013-07-11	4.46087	8	9.2	0.022792	20	0.024	0.0	0.0	0.0	0.259511	3.0	0.3
2013-07-12	4.165217	6	6.5	0.02275	22	0.026	0.0	0.0	0.0	0.251087	3.0	0.3
2013-07-13	3.891304	8	8.1	0.021708	20	0.024	0.0	0.0	0.0	0.257337	3.0	0.3
2013-07-14	3.765217	7	7.3	0.024833	24	0.028	0.0	0.0	0.0	0.2552535	3.0	0.3
2013-07-15	3.986957	9	10.3	0.023792	23	0.027	0.290909	4.0	3.1	0.2701989999999999	3.0	0.3
2013-07-16	3.773913	7	7.4	0.023875	22	0.026	0.5769479999999999	3.0	2.1	0.2766305	3.0	0.3
2013-07-17	4.130435	6	6.3	0.0245	24	0.028	0.0	0.0	0.0	0.2252715	3.0	0.3
2013-07-18	4.405556	9	10.0	0.023333	21	0.025	0.066667	0.0	0.2	0.2283334999999999	3.0	0.4
2013-07-19	5.226087	8	9.6	0.024667	25	0.029	0.016234	0.0	0.1	0.233877	3.0	0.3
2013-07-20	4.595652	9	10.1	0.026667	24	0.028	0.0233764999999999	0.0	0.1	0.1594205	2.0	0.3
2013-07-21	3.865217	6	6.8	0.025167	23	0.027	0.0905845	0.0	0.6	0.1065214999999999	1.0	0.2
2013-07-22	7.095652	11	12.8	0.022875	25	0.029	0.3951295	1.0	1.7	0.1531705	2.0	0.2
2013-07-23	9.417391	22	23.1	0.016042	18	0.021	0.1785715	0.0	0.8	0.129801	2.0	0.2
2013-07-24	5.913043	15	16.6	0.01775	18	0.021	0.09026	0.0	0.3	0.104348	1.0	0.2
2013-07-25	4.086957	8	8.3	0.017042	16	0.019	0.089394	0.0	0.9	0.1	1.0	0.1
2013-07-26	3.456522	5	5.5	0.018875	19	0.022	0.087987	0.0	0.7	0.1021739999999999	1.0	0.3
2013-07-27	3.669565	6	6.5	0.0225	20	0.024	0.1717535	0.0	0.9	0.1021739999999999	1.0	0.2
2013-07-28	2.934783	5	5.3	0.02325	25	0.029	0.1717535	0.0	0.7	0.097826	1.0	0.2
2013-07-29	3.995652	6	6.9	0.026875	26	0.031	0.5876625	3.0	2.2	0.172464	3.0	0.4
2013-07-30	5.386957	8	9.6	0.02975	29	0.034	0.3626625	1.0	1.4	0.2509964999999999	3.0	0.3
2013-07-31	4.408696	8	8.0	0.019583	19	0.022	0.1272724999999999	0.0	0.5	0.1637685	2.0	0.2
2013-08-01	5.717391	11	12.9	0.017792	19	0.023	0.0636365	0.0	0.2	0.1872285	2.0	0.3
2013-08-02	5.747826	9	10.8	0.01925	19	0.022	0.141558	0.0	0.4	0.2	2.0	0.2
2013-08-03	3.347826	5	5.5	0.023083	23	0.027	0.099675	0.0	0.2	0.1934785	2.0	0.2
2013-08-04	3.83913	19	20.6	0.022833	22	0.026	0.374026	1.0	1.9	0.1891304999999999	2.0	0.2
2013-08-05	4.904348	8	9.8	0.024333	23	0.027	0.4204544999999999	1.0	1.6	0.1361415	2.0	0.2
2013-08-06	4.2	7	7.6	0.021958	21	0.025	1.0717535	6.0	4.7	0.1	1.0	0.1
2013-08-07	4.16087	8	9.2	0.013	14	0.016	0.906818	1.0	1.7	0.112953	2.0	0.3
2013-08-08	3.886957	6	6.8	0.017083	18	0.021	0.3484845	1.0	1.5	0.1192935	2.0	0.2
2013-08-09	3.673913	6	6.1	0.0155	15	0.018	0.63474	6.0	4.3	0.1403984999999999	2.0	0.2
2013-08-10	3.869565	10	11.3	0.016833	16	0.019	0.7532464999999999	3.0	2.6	0.157337	2.0	0.3
2013-08-11	2.652174	7	7.0	0.020375	19	0.022	0.0857145	0.0	0.3	0.1682065	2.0	0.2
2013-08-12	3.782609	8	8.4	0.021958	19	0.023	0.1275975	0.0	0.3	0.191576	2.0	0.3
2013-08-13	7.517391	13	14.8	0.020417	21	0.025	0.3623375	1.0	1.7	0.274638	3.0	0.4
2013-08-14	7.047826	12	13.0	0.012417	14	0.017	0.274026	0.0	0.8	0.3255435	5.0	0.4
2013-08-15	5.734783	8	8.8	0.008167	9	0.011	0.1401515	0.0	0.3	0.3722824999999999	5.0	0.5
2013-08-16	5.717391	9	10.6	0.012375	14	0.016	0.208766	0.0	0.7	0.2488225	5.0	0.4
2013-08-17	6.1	8	8.2	0.015958	14	0.017	0.1905845	0.0	0.4	0.1913045	2.0	0.3
2013-08-18	7.878261	14	15.9	0.017583	19	0.023	0.332143	0.0	0.8	0.170199	2.0	0.3
2013-08-19	5.869565	9	10.1	0.02275	23	0.027	0.183117	0.0	0.6	0.1788044999999999	2.0	0.2
2013-08-20	5.365217	9	10.4	0.025458	24	0.028	0.6555195	3.0	2.9	0.1721015	2.0	0.3
2013-08-21	4.843478	8	8.4	0.025875	25	0.029	0.2951295	1.0	1.9	0.1810685	2.0	0.3
2013-08-22	4.491304	6	6.0	0.024333	23	0.027	0.5295455	6.0	4.0	0.225362	3.0	0.4
2013-08-23	5.169565	8	9.6	0.016667	20	0.024	0.0788965	0.0	0.2	0.176721	2.0	0.2
2013-08-24	4.834783	9	10.9	0.011917	14	0.016	0.0857145	0.0	0.2	0.183062	2.0	0.3
2013-08-25	4.286957	8	9.8	0.015875	18	0.021	0.7837660000000001	4.0	3.1	0.142301	2.0	0.3
2013-08-26	4.93913	8	8.5	0.019042	19	0.023	0.299351	0.0	0.9	0.1446555	2.0	0.2
2013-08-27	6.96087	12	13.1	0.016042	17	0.02	0.164935	0.0	0.4	0.1766305	2.0	0.3
2013-08-28	5.43913	10	11.7	0.012417	14	0.017	0.0555195	0.0	0.3	0.1810685	2.0	0.3
2013-08-29	6.278261	13	14.4	0.008958	13	0.015	0.105303	0.0	0.4	0.195924	2.0	0.3
2013-08-30	9.095652	12	13.8	0.009667	12	0.014	0.287987	0.0	0.8	0.2658515	3.0	0.4
2013-08-31	4.721739	8	8.9	0.014095	14	0.016	0.1185065	0.0	0.5	0.197826	2.0	0.2
2013-09-01	3.236842	5	5.7	0.019684	20	0.024	0.028421	0.0	0.1	0.1973685	2.0	0.2
2013-09-02	4.165217	8	8.5	0.018208	19	0.023	0.0532465	0.0	0.1	0.248913	3.0	0.3
2013-09-03	6.113043	16	17.2	0.022917	25	0.029	0.301948	1.0	1.9	0.2467389999999999	5.0	0.4
2013-09-04	5.304348	16	17.4	0.022208	24	0.028	0.101948	0.0	0.4	0.227536	3.0	0.6
2013-09-05	7.652174	22	23.0	0.018583	25	0.029	0.169697	0.0	0.4	0.210688	3.0	0.4
2013-09-06	10.378261	17	18.3	0.026292	39	0.046	0.741883	4.0	3.2	0.2872285	5.0	0.6
2013-09-07	11.117391	16	17.0	0.025833	36	0.043	0.7603895	4.0	3.7	0.261413	3.0	0.4
2013-09-08	6.026087	9	10.6	0.020208	24	0.028	0.150974	0.0	0.3	0.1936594999999999	2.0	0.3
2013-09-09	6.947826	15	16.7	0.0235	25	0.03	0.1204544999999999	0.0	0.4	0.238315	3.0	0.4
2013-09-10	3.834783	9	10.7	0.028625	25	0.03	0.5441560000000001	3.0	2.3	0.2212859999999999	3.0	0.3
2013-09-11	5.3	11	12.5	0.029	29	0.034	1.0113635	3.0	2.8	0.265942	3.0	0.3
2013-09-12	6.108696	12	13.6	0.02425	22	0.026	0.4265155	3.0	2.6	0.2807969999999999	3.0	0.4
2013-09-13	5.773913	10	11.0	0.024333	24	0.028	0.0717535	0.0	0.2	0.2809785	3.0	0.4
2013-09-14	5.13913	9	10.3	0.026083	24	0.028	0.048701	0.0	0.2	0.2658515	3.0	0.3
2013-09-15	4.721739	8	9.2	0.0235	25	0.029	0.0857145	0.0	0.5	0.272464	3.0	0.4
2013-09-16	7.26087	10	11.9	0.020458	20	0.024	0.1204544999999999	0.0	0.4	0.2766305	3.0	0.4
2013-09-17	3.882609	11	12.0	0.024917	27	0.032	0.232143	0.0	0.6	0.2170289999999999	3.0	0.3
2013-09-18	11.76087	18	19.7	0.0195	29	0.034	0.7116885000000001	6.0	4.0	0.3490035	5.0	0.5
2013-09-19	15.16087	25	26.7	0.019125	23	0.027	0.3840909999999999	1.0	1.3	0.4446555	7.0	1.0
2013-09-20	6.173913	15	16.1	0.020542	21	0.025	0.6022725	3.0	2.3	0.3212859999999999	5.0	0.4
2013-09-21	5.147826	9	10.2	0.0295	31	0.036	0.3392854999999999	3.0	2.4	0.280888	3.0	0.4
2013-09-22	5.256522	15	16.0	0.02225	28	0.033	0.109091	0.0	0.4	0.2914855	3.0	0.4
2013-09-23	8.247826	17	18.0	0.020125	26	0.031	0.183117	0.0	0.9	0.353261	5.0	0.6
2013-09-24	5.830435	15	16.9	0.030625	31	0.037	0.1159089999999999	0.0	0.3	0.302174	3.0	0.4
2013-09-25	2.673913	7	7.6	0.029583	26	0.031	0.0717535	0.0	0.2	0.1826085	3.0	0.3
2013-09-26	7.504545	18	19.4	0.02125	26	0.031	0.160606	0.0	0.4	0.1577899999999999	3.0	0.4
2013-09-27	10.121739	24	25.1	0.019292	29	0.034	0.4298705	1.0	1.8	0.255163	3.0	0.5
2013-09-28	10.778261	23	24.9	0.020583	31	0.036	0.392857	1.0	1.7	0.3019925	5.0	0.5
2013-09-29	6.556522	15	16.1	0.017667	19	0.022	0.301948	1.0	1.0	0.227627	3.0	0.3
2013-09-30	6.265217	11	12.2	0.023417	30	0.035	0.1483765	0.0	0.5	0.259511	3.0	0.3
2013-10-01	13.069565	25	26.9	0.018125	26	0.031	0.3461035	1.0	1.1	0.306612	5.0	0.5
2013-10-02	10.869565	18	19.4	0.020875	25	0.03	0.5162340000000001	3.0	2.7	0.3761775	6.0	0.9
2013-10-03	3.586957	9	10.7	0.0325	30	0.035	0.1416665	0.0	0.5	0.1572465	3.0	0.3
2013-10-04	9.486957	36	38.7	0.025542	31	0.037	0.2275975	0.0	0.7	0.194203	5.0	0.8
2013-10-05	9.913043	24	25.1	0.028417	34	0.04	0.79026	1.0	1.8	0.248913	5.0	0.5
2013-10-06	13.856522	25	27.8	0.034917	46	0.054	1.116558	6.0	4.0	0.289312	5.0	0.5
2013-10-07	13.391304	32	34.2	0.03025	38	0.045	0.2811689999999999	1.0	1.5	0.3274455	6.0	0.8
2013-10-08	14.356522	25	27.1	0.0195	25	0.029	0.537013	4.0	3.2	0.37029	7.0	1.0
2013-10-09	13.486364	26	28.7	0.019125	25	0.029	0.375	1.0	1.4	0.3109845	5.0	0.6
2013-10-10	12.3	27	29.4	0.021583	25	0.03	1.0795455	9.0	6.8	0.32971	5.0	0.5
2013-10-11	7.778261	11	12.4	0.024625	25	0.03	0.3944804999999999	3.0	2.9	0.284964	3.0	0.4
2013-10-12	10.678261	18	19.3	0.019625	23	0.027	0.257792	0.0	0.8	0.3192935	5.0	0.5
2013-10-13	12.33913	20	21.5	0.017083	28	0.033	0.6	4.0	3.4	0.365761	6.0	0.6
2013-10-14	12.16087	22	23.9	0.02175	31	0.036	0.4905845	1.0	1.4	0.3509965	5.0	0.9
2013-10-15	12.365217	28	30.3	0.024125	33	0.039	0.6788965	1.0	1.8	0.3274455	6.0	0.9
2013-10-16	17.078261	34	36.9	0.025542	35	0.041	1.1233765	4.0	3.8	0.353442	6.0	1.1
2013-10-17	14.656522	34	36.0	0.026667	37	0.044	0.9636365	7.0	5.7	0.352989	6.0	1.0
2013-10-18	16.317391	26	28.8	0.017042	23	0.027	0.376299	1.0	1.1	0.419203	7.0	0.8
2013-10-19	14.286957	22	23.4	0.024	33	0.039	0.837013	4.0	3.2	0.395652	6.0	0.6
2013-10-20	8.482609	13	14.6	0.024542	25	0.029	0.2974025	3.0	2.2	0.3487314999999999	6.0	0.5
2013-10-21	8.521739	14	15.5	0.021583	20	0.024	0.101948	0.0	0.3	0.3384055	5.0	0.4
2013-10-22	10.982609	20	21.9	0.020333	24	0.028	0.250974	1.0	1.5	0.4020835	6.0	0.6
2013-10-23	10.7	22	23.0	0.024667	30	0.035	0.225325	0.0	0.7	0.3850544999999999	6.0	0.6
2013-10-24	10.504348	19	20.0	0.026542	29	0.034	0.4045455	1.0	1.6	0.27654	3.0	0.4
2013-10-25	19.865217	34	36.7	0.015542	21	0.025	0.564935	1.0	1.6	0.4555249999999999	8.0	1.1
2013-10-26	10.526087	18	19.8	0.0215	26	0.031	0.764935	6.0	4.6	0.331612	6.0	0.7
2013-10-27	2.934783	5	5.1	0.028708	28	0.033	0.232143	1.0	1.2	0.22971	3.0	0.3
2013-10-28	8.765217	25	26.5	0.021875	22	0.026	0.6230519999999999	1.0	1.9	0.304348	6.0	1.2
2013-10-29	10.878261	25	26.3	0.015417	22	0.026	0.7162339999999999	3.0	2.9	0.285326	5.0	0.5
2013-10-30	12.104348	22	23.0	0.01525	25	0.029	1.2724025	7.0	5.6	0.410326	6.0	0.8
2013-10-31	18.426087	27	29.8	0.010125	16	0.019	1.410606	16.0	11.0	0.4129529999999999	6.0	1.0
2013-11-01	18.213043	32	34.2	0.023042	36	0.042	1.0275975000000002	3.0	2.0	0.4317935	7.0	0.9
2013-11-02	13.856522	25	26.9	0.018583	26	0.031	0.323052	0.0	0.4	0.387047	6.0	0.8
2013-11-03	5.508696	23	24.1	0.027625	28	0.033	0.2461034999999999	0.0	0.8	0.1869565	3.0	0.5
2013-11-04	6.969565	18	19.9	0.026542	31	0.036	0.2532465	0.0	0.4	0.2339675	3.0	0.7
2013-11-05	17.252174	36	38.3	0.016083	27	0.032	1.074675	6.0	4.3	0.3729165	7.0	0.7
2013-11-06	20.2	30	32.2	0.02125	33	0.039	1.4	4.0	3.4	0.427355	7.0	0.9
2013-11-07	22.991304	30	32.9	0.016833	29	0.034	0.964394	3.0	2.6	0.480797	7.0	0.9
2013-11-08	16.243478	25	27.1	0.01425	19	0.022	0.5019480000000001	1.0	1.2	0.4721919999999999	7.0	0.8
2013-11-09	15.0	23	24.5	0.020667	27	0.032	1.0094155	6.0	4.1	0.4	5.0	0.6
2013-11-10	12.113043	21	22.5	0.028	35	0.041	0.6788965	4.0	3.0	0.3637685	5.0	0.5
2013-11-11	16.982609	33	35.0	0.021042	25	0.03	1.0977275	6.0	4.3	0.4042575	6.0	0.7
2013-11-12	20.243478	34	36.5	0.012458	23	0.027	0.916234	3.0	2.9	0.4641305	7.0	1.1
2013-11-13	11.63913	18	19.9	0.014583	16	0.019	0.5905845	3.0	2.4	0.446286	7.0	1.0
2013-11-14	12.021739	22	23.4	0.015875	22	0.026	0.444697	1.0	1.3	0.3936595	6.0	0.6
2013-11-15	16.369565	27	29.2	0.0155	25	0.029	0.6392855	3.0	2.9	0.472645	7.0	1.2
2013-11-16	11.665217	26	28.1	0.022625	26	0.031	0.3766235	0.0	0.8	0.440036	7.0	0.6
2013-11-17	12.256522	25	27.4	0.017875	25	0.03	0.3857145	1.0	1.6	0.4279889999999999	7.0	0.7
2013-11-18	13.830435	27	29.1	0.020875	26	0.031	0.757792	3.0	2.3	0.403442	7.0	0.9
2013-11-19	21.426087	26	28.9	0.011375	14	0.017	0.4275974999999999	0.0	0.9	0.3705619999999999	6.0	0.6
2013-11-20	12.986957	26	28.0	0.016875	19	0.022	0.33474	0.0	0.7	0.3401269999999999	5.0	0.6
2013-11-21	6.130435	15	16.8	0.030042	32	0.038	0.6098485	1.0	1.3	0.2468294999999999	5.0	0.7
2013-11-22	6.756522	15	16.4	0.030667	31	0.037	0.5298705	1.0	1.4	0.2211955	3.0	0.4
2013-11-23	13.769565	31	33.7	0.018	27	0.032	0.837013	1.0	1.6	0.2924815	7.0	0.9
2013-11-24	16.3	33	35.8	0.011625	21	0.025	1.0366885	3.0	2.2	0.418939	7.0	1.0
2013-11-25	20.147826	35	37.3	0.013542	25	0.03	1.272078	3.0	2.9	0.482971	7.0	0.8
2013-11-26	18.517391	28	30.1	0.01675	24	0.028	1.3045455	3.0	2.8	0.3996379999999999	7.0	0.7
2013-11-27	16.213043	21	22.9	0.018792	24	0.028	1.0694805	3.0	2.4	0.397826	6.0	0.5
2013-11-28	17.552174	31	33.7	0.01475	22	0.026	0.8704545	1.0	1.6	0.421558	8.0	0.9
2013-11-29	20.591304	33	35.5	0.012125	20	0.024	0.923052	1.0	1.9	0.5105075	8.0	0.8
2013-11-30	19.273913	29	31.1	0.009833	17	0.02	0.8694804999999999	3.0	2.4	0.519203	8.0	0.8
2013-12-01	18.23913	37	39.0	0.0105	20	0.024	0.9185065	4.0	3.1	0.525362	8.0	0.9
2013-12-02	11.43913	21	22.5	0.02175	29	0.034	0.3646105	0.0	0.8	0.403714	8.0	0.7
2013-12-03	7.682609	25	27.4	0.024333	30	0.035	0.2743509999999999	0.0	0.4	0.2832425	6.0	0.7
2013-12-04	15.334783	28	30.0	0.01325	25	0.029	0.450974	0.0	0.8	0.408424	7.0	0.8
2013-12-05	20.321739	32	34.4	0.008042	17	0.02	0.9916665	1.0	1.8	0.449185	7.0	1.1
2013-12-06	19.052174	30	32.1	0.018792	29	0.034	0.8207795	3.0	2.1	0.492935	8.0	1.1
2013-12-07	6.895652	19	20.9	0.023792	29	0.034	0.2905845	0.0	0.4	0.2344204999999999	5.0	0.6
2013-12-08	10.391304	18	19.1	0.018375	24	0.028	0.6834420000000001	1.0	1.3	0.323188	6.0	0.5
2013-12-09	18.056522	30	32.2	0.015083	27	0.032	0.9788965	1.0	1.7	0.3980074999999999	6.0	0.9
2013-12-10	21.791304	34	36.7	0.012667	24	0.028	1.7136365	3.0	2.9	0.3850544999999999	6.0	0.6
2013-12-11	24.53913	38	40.1	0.012125	22	0.026	1.8103895	4.0	3.4	0.3533515	6.0	0.8
2013-12-12	25.286957	35	37.8	0.01	22	0.026	1.4265154999999998	4.0	3.2	0.4362315	7.0	1.1
2013-12-13	23.808696	36	38.6	0.006875	15	0.018	0.8766235	1.0	1.6	0.5298915	9.0	1.1
2013-12-14	20.573913	29	31.9	0.011458	23	0.027	1.272078	3.0	2.8	0.391123	9.0	0.8
2013-12-15	21.382609	34	36.6	0.015583	25	0.029	1.2155844999999998	3.0	2.4	0.3762685	7.0	0.7
2013-12-16	20.121739	36	38.0	0.018083	25	0.029	1.301948	3.0	2.6	0.27654	5.0	0.8
2013-12-17	23.8	36	38.9	0.015333	27	0.032	1.792857	4.0	3.6	0.3339675	5.0	0.9
2013-12-18	18.83913	25	26.7	0.013792	24	0.028	0.581169	1.0	1.2	0.3740035	7.0	0.9
2013-12-19	8.343478	13	14.3	0.026792	26	0.031	0.2901515	0.0	0.4	0.1127715	2.0	0.2
2013-12-20	25.395652	41	43.8	0.008917	16	0.019	0.7558440000000001	1.0	1.8	0.465308	10.0	1.3
2013-12-21	20.365217	41	43.9	0.007375	17	0.02	0.6392855	1.0	1.5	0.5949275	11.0	1.3
2013-12-22	17.243478	27	29.5	0.01175	24	0.028	0.9603895	3.0	2.3	0.4361414999999999	7.0	0.8
2013-12-23	23.495652	37	39.4	0.012875	24	0.028	1.6305195	4.0	3.9	0.422826	7.0	0.8
2013-12-24	24.386957	36	38.2	0.0075	14	0.017	1.2675325	4.0	3.5	0.4302535	7.0	0.9
2013-12-25	15.013043	25	26.1	0.020042	29	0.034	1.7860390000000002	6.0	4.3	0.386775	8.0	0.8
2013-12-26	22.343478	37	39.2	0.013708	25	0.029	1.7704545	4.0	3.9	0.4575185	7.0	1.0
2013-12-27	25.26087	32	34.9	0.009917	19	0.022	1.543831	6.0	4.1	0.523551	7.0	1.3
2013-12-28	20.956522	32	34.1	0.009708	15	0.018	1.1022725000000002	4.0	3.1	0.5126815	7.0	0.8
2013-12-29	12.247826	28	30.1	0.0205	28	0.033	1.189935	3.0	2.2	0.295471	7.0	0.6
2013-12-30	27.630435	43	46.8	0.011875	19	0.023	1.684091	6.0	4.7	0.5321555	7.0	0.8
2013-12-31	25.43913	41	43.5	0.009684	16	0.019	0.764935	1.0	1.2	0.6410325	10.0	1.2
2014-01-01	21.06087	33	35.2	0.010083	19	0.021	0.974351	3.0	2.2	0.5433574999999999	7.0	1.0
2014-01-02	24.83913	38	40.5	0.013083	29	0.031	3.3788965	16.0	11.1	0.5214675	8.0	0.8
2014-01-03	27.613043	42	44.9	0.006583	16	0.017	1.2977275	6.0	4.1	0.6446555	9.0	1.8
2014-01-04	20.030435	33	35.8	0.013917	24	0.026	0.8788965	1.0	1.4	0.5230980000000001	9.0	1.2
2014-01-05	10.543478	29	31.3	0.023583	33	0.036	0.801948	1.0	1.3	0.400362	8.0	1.1
2014-01-06	21.981818	32	34.1	0.013625	25	0.027	1.845238	4.0	3.0	0.745439	10.0	1.2
2014-01-07	24.695652	29	31.9	0.009958	16	0.017	0.881169	4.0	3.0	0.437981	6.0	0.5
2014-01-08	15.804348	31	33.2	0.014583	23	0.025	0.5136365	0.0	0.9	0.3934784999999999	6.0	1.2
2014-01-09	17.134783	28	30.3	0.015625	26	0.028	0.5435065	1.0	1.3	0.391123	6.0	0.9
2014-01-10	18.643478	29	31.1	0.00925	21	0.023	0.7507575	3.0	2.5	0.4576085	7.0	0.8
2014-01-11	14.347826	28	30.6	0.014375	26	0.028	0.341558	0.0	0.4	0.4358694999999999	7.0	0.7
2014-01-12	11.926087	25	27.0	0.0165	26	0.028	0.4204544999999999	0.0	0.9	0.3829709999999999	7.0	0.8
2014-01-13	11.173913	23	24.8	0.018375	28	0.03	0.5461035	0.0	0.8	0.3251815	6.0	0.5
2014-01-14	20.159091	35	37.7	0.01325	26	0.028	0.952381	3.0	2.1	0.424621	7.0	1.1
2014-01-15	15.686957	30	32.2	0.022667	32	0.035	0.9435065	3.0	2.1	0.3677534999999999	7.0	0.9
2014-01-16	19.733333	33	35.7	0.019208	32	0.035	0.9458335	1.0	1.4	0.3833335	6.0	0.7
2014-01-17	25.1	39	41.9	0.018	35	0.038	1.4204545	3.0	2.7	0.5322465000000001	7.0	0.8
2014-01-18	22.595652	39	41.7	0.014292	29	0.031	0.983766	1.0	1.9	0.5317935	8.0	0.9
2014-01-19	20.76087	36	38.6	0.019958	33	0.036	1.1694805	3.0	2.1	0.525453	8.0	0.7
2014-01-20	21.865217	33	35.7	0.012083	24	0.026	1.015909	1.0	1.6	0.5171195	8.0	0.8
2014-01-21	21.930435	34	36.7	0.011292	19	0.021	0.8788965	1.0	1.6	0.5082424999999999	8.0	0.9
2014-01-22	23.856522	33	35.3	0.011167	16	0.017	1.186039	4.0	3.2	0.625362	10.0	1.4
2014-01-23	16.695652	37	39.9	0.022333	31	0.033	0.6457795	1.0	1.3	0.3660325	7.0	0.7
2014-01-24	35.291304	48	51.6	0.008333	14	0.015	1.0	1.0	1.6	0.7768120000000001	11.0	1.7
2014-01-25	24.952174	41	43.5	0.013458	22	0.024	1.216234	3.0	2.8	0.591214	9.0	1.0
2014-01-26	15.721739	22	23.7	0.02075	24	0.026	0.7717535	3.0	2.5	0.43596	8.0	0.7
2014-01-27	10.569565	18	19.3	0.023667	25	0.027	0.3555195	0.0	0.7	0.4085145	6.0	0.5
2014-01-28	15.704348	25	26.5	0.011958	18	0.019	0.4087659999999999	0.0	0.9	0.4594205	7.0	0.7
2014-01-29	12.047826	26	28.5	0.0115	17	0.018	0.2646104999999999	0.0	0.4	0.378895	5.0	0.5
2014-01-30	9.065217	25	27.0	0.02125	31	0.033	0.381169	1.0	1.0	0.4083335	7.0	0.9
2014-01-31	7.75	18	19.8	0.023125	29	0.031	0.6990475	4.0	3.4	0.35	6.0	0.7
2014-02-01	10.2	26	28.0	0.019625	28	0.03	0.543831	4.0	3.3	0.3769925	6.0	0.8
2014-02-02	8.782609	25	26.3	0.023458	28	0.03	0.3532465	1.0	1.0	0.448551	7.0	0.6
2014-02-03	10.804348	25	26.1	0.015208	28	0.03	0.5948055	3.0	2.1	0.455616	7.0	1.0
2014-02-04	10.965217	21	22.5	0.01425	23	0.025	0.6298705	1.0	1.0	0.4913045	7.0	1.1
2014-02-05	13.143478	21	22.5	0.017917	27	0.029	0.7298705	3.0	2.1	0.5167575	9.0	1.3
2014-02-06	13.83913	29	31.9	0.014167	18	0.019	0.4204544999999999	0.0	0.8	0.3958335	6.0	0.7
2014-02-07	15.33913	25	26.0	0.021375	28	0.03	0.312121	0.0	0.5	0.493388	7.0	0.6
2014-02-08	6.13913	10	11.3	0.025958	27	0.029	0.157792	0.0	0.2	0.4	5.0	0.5
2014-02-09	6.530435	11	12.3	0.024708	27	0.029	0.187987	0.0	0.8	0.3955619999999999	6.0	0.5
2014-02-10	12.504348	25	26.2	0.013792	20	0.022	0.409091	1.0	1.0	0.419475	6.0	0.7
2014-02-11	15.921739	24	25.7	0.011792	17	0.018	0.5435065	1.0	1.1	0.5955619999999999	9.0	1.3
2014-02-12	17.369565	25	27.6	0.013917	16	0.017	0.6340910000000001	1.0	1.4	0.5000905	7.0	0.7
2014-02-13	15.617391	25	26.7	0.010208	14	0.015	0.5577920000000001	1.0	1.6	0.4998185	7.0	0.7
2014-02-14	12.204348	21	22.9	0.010083	15	0.016	0.430303	1.0	1.6	0.4574275	6.0	0.6
2014-02-15	11.904348	20	21.5	0.013875	22	0.024	0.499351	1.0	1.2	0.4869565	7.0	0.7
2014-02-16	6.147826	15	16.1	0.022083	33	0.036	0.3045455	0.0	0.6	0.402174	6.0	0.7
2014-02-17	8.456522	24	25.3	0.016542	29	0.031	0.525	1.0	1.1	0.4682969999999999	7.0	0.9
2014-02-18	10.473913	16	17.5	0.019375	28	0.03	0.8113634999999999	3.0	2.9	0.4440214999999999	7.0	1.0
2014-02-19	6.530435	15	16.6	0.026583	31	0.034	0.6136365	7.0	5.4	0.2615944999999999	3.0	0.5
2014-02-20	12.695652	28	30.0	0.013125	24	0.026	0.6324675	1.0	1.4	0.3428445	6.0	0.7
2014-02-21	13.804348	22	23.3	0.01275	23	0.025	0.818182	4.0	3.6	0.401902	6.0	0.8
2014-02-22	11.373913	19	20.2	0.016042	21	0.023	0.881169	6.0	4.5	0.423188	6.0	0.7
2014-02-23	8.713043	18	19.4	0.014583	21	0.023	0.4883114999999999	1.0	1.6	0.3427535	5.0	0.5
2014-02-24	13.447826	25	27.5	0.019625	28	0.03	0.8766235	3.0	2.0	0.440489	7.0	1.0
2014-02-25	8.130435	12	13.1	0.034625	41	0.044	0.618182	1.0	1.4	0.338134	5.0	0.5
2014-02-26	10.965217	22	23.4	0.023708	34	0.037	0.437013	1.0	1.8	0.427627	6.0	0.6
2014-02-27	7.5	15	16.5	0.031375	35	0.038	0.925325	3.0	2.8	0.3236415	5.0	0.5
2014-02-28	8.269565	12	13.0	0.03281	34	0.037	0.2765154999999999	1.0	1.3	0.338225	5.0	0.4
2014-03-01	10.289474	22	23.7	0.022474	33	0.036	0.5326315	4.0	3.1	0.379112	6.0	0.6
2014-03-02	7.743478	18	19.2	0.022458	31	0.034	0.737013	3.0	2.2	0.3571555	6.0	0.5
2014-03-03	19.265217	28	30.0	0.013958	19	0.02	0.740909	3.0	2.0	0.476902	6.0	0.7
2014-03-04	10.626087	26	28.0	0.0165	25	0.027	0.4204544999999999	0.0	0.7	0.4277175	7.0	0.9
2014-03-05	10.736364	23	24.9	0.01675	22	0.024	1.2654765	4.0	3.5	0.489962	8.0	1.1
2014-03-06	10.45	27	29.6	0.021308	25	0.027	1.8216665	7.0	5.1	0.379327	7.0	1.1
2014-03-07	10.46087	21	22.0	0.018042	30	0.032	1.3659089999999998	6.0	4.8	0.379076	6.0	0.7
2014-03-08	11.913043	22	23.7	0.015667	24	0.026	1.4905845	4.0	3.6	0.4380435	6.0	0.6
2014-03-09	10.778261	24	25.5	0.020208	25	0.027	1.6094155	6.0	4.0	0.395652	5.0	0.5
2014-03-10	7.1	23	24.4	0.029792	35	0.038	0.937013	1.0	1.4	0.312862	5.0	0.4
2014-03-11	4.113043	8	8.6	0.038792	38	0.041	0.9905845	3.0	2.1	0.2572465	3.0	0.4
2014-03-12	8.086957	31	33.3	0.028417	36	0.039	1.29026	4.0	3.0	0.243025	3.0	0.5
2014-03-13	10.369565	30	32.2	0.0245	30	0.032	1.2461035	1.0	1.9	0.4317935	7.0	1.0
2014-03-14	11.452174	19	20.0	0.021333	27	0.029	0.9325755	1.0	1.4	0.372373	5.0	0.5
2014-03-15	10.991304	19	20.2	0.019792	28	0.03	1.387987	3.0	2.5	0.446558	7.0	0.8
2014-03-16	8.547826	15	16.2	0.0235	31	0.033	1.192857	3.0	2.8	0.4001814999999999	5.0	0.5
2014-03-17	6.569565	17	18.0	0.026875	34	0.037	0.918182	1.0	1.1	0.344565	5.0	0.6
2014-03-18	8.791304	17	18.4	0.024792	36	0.039	1.292857	3.0	2.9	0.374185	6.0	0.8
2014-03-19	10.821739	23	24.3	0.023292	37	0.04	1.358117	3.0	2.3	0.398098	6.0	0.8
2014-03-20	12.234783	25	27.6	0.024833	31	0.034	1.074026	1.0	1.8	0.5041665	7.0	0.9
2014-03-21	6.165217	9	10.2	0.031792	31	0.034	0.939394	1.0	1.4	0.4151269999999999	6.0	0.5
2014-03-22	9.691304	25	26.9	0.028792	32	0.035	0.983442	1.0	1.4	0.4936595	7.0	0.8
2014-03-23	7.143478	12	13.0	0.028375	33	0.036	1.0207795000000002	3.0	2.2	0.483062	6.0	0.6
2014-03-24	13.786364	22	23.7	0.0225	28	0.03	1.140476	1.0	1.9	0.593371	9.0	1.2
2014-03-25	9.804348	24	25.2	0.029708	31	0.034	1.4675325	4.0	3.6	0.4999095	7.0	0.7
2014-03-26	6.082609	17	18.6	0.033208	34	0.037	1.192208	3.0	2.7	0.3806159999999999	6.0	0.6
2014-03-27	6.76087	25	26.6	0.032	36	0.039	1.181169	1.0	1.9	0.374547	6.0	0.9
2014-03-28	7.595652	20	21.4	0.026208	29	0.031	1.0083335	1.0	1.8	0.378714	6.0	0.6
2014-03-29	5.034783	9	10.5	0.0285	31	0.033	0.7555195	0.0	0.9	0.376812	5.0	0.5
2014-03-30	3.878261	9	10.4	0.031083	34	0.037	1.067208	3.0	2.7	0.352989	5.0	0.4
2014-03-31	10.613043	15	16.9	0.031917	35	0.038	0.906818	1.0	1.2	0.461775	6.0	0.6
2014-04-01	10.7	19	20.5	0.031167	33	0.036	0.841558	1.0	1.0	0.474185	6.0	0.6
2014-04-02	7.06087	17	18.6	0.02825	37	0.04	1.2714285	3.0	2.7	0.4211955	6.0	0.6
2014-04-03	11.617391	34	36.4	0.028875	36	0.039	1.1064935	1.0	1.9	0.5103260000000001	8.0	1.1
2014-04-04	7.582609	21	22.1	0.026083	34	0.037	1.021212	3.0	2.2	0.440489	6.0	0.7
2014-04-05	6.66087	16	17.7	0.024125	33	0.036	0.9951295	1.0	1.7	0.487138	7.0	0.8
2014-04-06	9.826087	19	20.0	0.015958	28	0.03	1.448701	7.0	5.3	0.5000905	7.0	0.7
2014-04-07	9.347826	13	14.6	0.01975	35	0.038	1.513961	4.0	3.6	0.43596	7.0	0.7
2014-04-08	10.595652	16	17.5	0.020042	31	0.033	1.683766	4.0	3.8	0.4509054999999999	6.0	0.8
2014-04-09	5.426087	9	10.0	0.0185	19	0.02	0.850649	1.0	1.2	0.344565	5.0	0.4
2014-04-10	7.526087	11	12.8	0.021542	23	0.025	1.3373374999999998	4.0	3.8	0.365942	5.0	0.5
2014-04-11	5.908696	9	10.5	0.030958	36	0.039	1.631818	7.0	5.1	0.3552535	5.0	0.4
2014-04-12	3.243478	4	4.7	0.0385	37	0.04	1.5347399999999998	3.0	2.6	0.3403985	5.0	0.4
2014-04-13	6.021739	14	15.3	0.036375	39	0.042	1.0668829999999998	3.0	2.3	0.3789855	5.0	0.5
2014-04-14	7.330435	13	14.4	0.032625	32	0.035	0.809091	1.0	1.1	0.4063405	6.0	0.5
2014-04-15	8.33913	12	13.5	0.030583	30	0.032	0.8717535000000001	1.0	1.1	0.3809785	5.0	0.4
2014-04-16	11.795652	19	20.7	0.027917	31	0.034	2.6866885	21.0	15.3	0.427627	6.0	0.6
2014-04-17	9.656522	23	24.0	0.027917	31	0.034	1.048701	1.0	1.8	0.425362	6.0	0.6
2014-04-18	10.078261	24	25.5	0.029042	34	0.037	0.987121	1.0	1.9	0.442663	7.0	0.9
2014-04-19	5.513043	18	19.1	0.031542	38	0.041	0.941558	3.0	2.0	0.391576	5.0	0.6
2014-04-20	7.365217	13	14.0	0.028958	33	0.036	1.274351	4.0	3.6	0.429801	6.0	0.6
2014-04-21	10.913043	25	26.8	0.032375	42	0.045	1.264935	3.0	2.8	0.4296195	6.0	0.7
2014-04-22	2.330435	5	5.6	0.041208	43	0.046	0.9974025	1.0	1.3	0.302174	3.0	0.4
2014-04-23	5.517391	25	26.4	0.035167	38	0.041	0.957792	1.0	1.2	0.374638	6.0	0.9
2014-04-24	5.33913	12	13.8	0.031708	32	0.035	1.2324675	3.0	2.1	0.378895	5.0	0.5
2014-04-25	4.93913	9	10.9	0.034667	37	0.04	0.946212	1.0	1.4	0.404348	5.0	0.7
2014-04-26	3.9	15	16.0	0.034333	37	0.04	1.1788965	4.0	3.1	0.389312	6.0	0.8
2014-04-27	3.334783	8	9.1	0.0325	36	0.039	1.167208	3.0	2.9	0.404348	5.0	0.5
2014-04-28	8.365217	19	20.8	0.029	39	0.042	1.4555195	6.0	4.9	0.3763585	6.0	0.7
2014-04-29	13.86087	34	36.8	0.025667	44	0.047	1.3324675	3.0	2.0	0.385326	6.0	0.7
2014-04-30	11.482609	27	29.3	0.041	54	0.056	1.73474	3.0	2.9	0.3571555	6.0	0.5
2014-05-01	16.026087	29	31.7	0.034625	49	0.053	1.5136365	6.0	4.1	0.415036	6.0	0.6
2014-05-02	8.73913	22	23.8	0.021667	26	0.028	0.928788	1.0	1.1	0.3913044999999999	5.0	0.5
2014-05-03	2.743478	6	6.8	0.033375	35	0.038	0.976299	1.0	1.5	0.327627	5.0	0.5
2014-05-04	1.730435	3	3.5	0.033375	33	0.036	1.041558	1.0	1.8	0.3	3.0	0.3
2014-05-05	3.421739	11	12.2	0.03425	34	0.037	1.009091	1.0	1.1	0.304348	3.0	0.4
2014-05-06	2.995652	8	9.0	0.031875	31	0.034	1.09026	3.0	2.7	0.304348	3.0	0.4
2014-05-07	6.008696	16	17.4	0.033208	36	0.039	0.9344155	1.0	1.2	0.3639489999999999	5.0	0.5
2014-05-08	5.395652	9	10.9	0.027708	36	0.039	1.5301945	4.0	3.1	0.304348	3.0	0.4
2014-05-09	3.447826	9	10.5	0.034167	37	0.04	1.096212	1.0	1.3	0.244475	3.0	0.3
2014-05-10	2.678261	12	13.6	0.03225	34	0.037	0.9905845	1.0	1.1	0.2362315	3.0	0.4
2014-05-11	4.356522	20	21.0	0.027583	33	0.036	1.041558	1.0	1.3	0.2298915	3.0	0.5
2014-05-12	17.23913	32	34.9	0.01925	34	0.037	1.7603895	4.0	3.5	0.4365035	6.0	0.8
2014-05-13	15.078261	27	29.6	0.031042	54	0.056	2.0863635	6.0	4.4	0.4020835	6.0	0.6
2014-05-14	15.921739	25	27.1	0.034375	67	0.06	2.0535715	6.0	4.9	0.431612	6.0	0.6
2014-05-15	16.278261	29	31.8	0.025875	31	0.033	1.301948	1.0	1.9	0.4977355	7.0	0.9
2014-05-16	6.921739	10	11.3	0.02625	27	0.029	0.9765155	1.0	1.1	0.3874095	5.0	0.5
2014-05-17	3.573913	6	6.4	0.03075	33	0.036	0.9275975	1.0	1.1	0.380525	5.0	0.4
2014-05-18	1.108696	2	2.9	0.030083	31	0.033	0.9136365	1.0	1.0	0.3	3.0	0.3
2014-05-19	3.169565	8	8.9	0.029125	29	0.031	1.032143	1.0	1.3	0.3	3.0	0.3
2014-05-20	6.382609	13	14.1	0.026458	27	0.029	1.1464285	3.0	2.2	0.385326	5.0	0.6
2014-05-21	5.169565	9	10.2	0.027667	31	0.033	1.0042205	1.0	1.4	0.404348	5.0	0.5
2014-05-22	5.504348	9	10.3	0.027625	29	0.031	0.9532465	1.0	1.2	0.3531704999999999	5.0	0.5
2014-05-23	5.252174	9	10.5	0.018625	21	0.023	0.906818	1.0	1.0	0.323551	5.0	0.4
2014-05-24	5.178261	8	8.6	0.022792	24	0.026	0.957792	1.0	1.1	0.331975	5.0	0.4
2014-05-25	7.456522	20	21.0	0.023292	28	0.03	1.015909	1.0	1.2	0.3362315	5.0	0.4
2014-05-26	5.669565	8	9.1	0.023292	27	0.029	1.183442	3.0	2.1	0.355163	5.0	0.4
2014-05-27	6.2	12	13.9	0.029583	31	0.033	1.081169	1.0	1.5	0.3531704999999999	5.0	0.4
2014-05-28	5.152174	18	19.4	0.027875	35	0.038	1.067208	1.0	1.2	0.3063405	5.0	0.5
2014-05-29	10.313043	22	23.4	0.025208	31	0.034	1.292857	4.0	3.1	0.4296195	7.0	0.8
2014-05-30	5.234783	8	9.8	0.03425	34	0.037	0.935606	1.0	1.0	0.3766305	5.0	0.4
2014-05-31	5.030435	8	9.3	0.029292	30	0.032	1.03474	3.0	2.0	0.380888	5.0	0.4
2014-06-01	4.734783	11	12.1	0.02825	29	0.031	0.923052	1.0	1.1	0.3934784999999999	5.0	0.4
2014-06-02	3.43913	6	6.8	0.027875	27	0.029	0.9392855	1.0	1.3	0.3891305	5.0	0.4
2014-06-03	5.326087	8	8.9	0.02875	29	0.031	1.3454545	3.0	2.3	0.372373	5.0	0.4
2014-06-04	6.13913	9	10.7	0.02725	28	0.03	1.018182	1.0	1.4	0.3874095	5.0	0.5
2014-06-05	4.134783	7	7.2	0.02725	27	0.029	0.915909	1.0	1.1	0.4	5.0	0.4
2014-06-06	4.408696	8	8.2	0.029042	30	0.032	1.0984845	3.0	2.0	0.431884	6.0	0.5
2014-06-07	3.891304	6	6.8	0.025083	26	0.028	0.9555195	1.0	1.2	0.402174	5.0	0.5
2014-06-08	9.352174	16	17.6	0.02125	27	0.029	1.248701	3.0	2.8	0.4703805	6.0	0.6
2014-06-09	5.847826	14	15.7	0.021083	24	0.026	0.99026	1.0	1.5	0.4509054999999999	6.0	0.5
2014-06-10	3.582609	8	8.3	0.023333	23	0.025	1.755844	7.0	5.0	0.4149454999999999	6.0	0.5
2014-06-11	2.825	5	5.3	0.024923	25	0.027	0.8291664999999999	3.0	2.4	0.3425479999999999	5.0	0.4
2014-06-12	3.305263	8	8.9	0.02025	21	0.023	0.4655554999999999	1.0	1.4	0.3026315	3.0	0.4
2014-06-13	9.508696	18	19.6	0.017833	23	0.025	0.4151515	0.0	0.9	0.370199	5.0	0.4
2014-06-14	7.76087	13	14.6	0.022	24	0.026	0.5	3.0	2.1	0.384964	5.0	0.5
2014-06-15	3.878261	8	9.5	0.022625	23	0.025	0.225325	0.0	0.3	0.359692	5.0	0.4
2014-06-16	5.230435	9	10.5	0.023583	26	0.028	0.2623375	0.0	0.5	0.348913	5.0	0.4
2014-06-17	9.36087	17	18.7	0.016958	23	0.025	0.5857144999999999	3.0	2.3	0.410688	6.0	0.7
2014-06-18	10.182609	19	20.6	0.017708	23	0.025	0.7230519999999999	3.0	2.5	0.436051	6.0	0.7
2014-06-19	6.406667	11	12.7	0.013917	16	0.017	0.3035715	0.0	0.5	0.305	5.0	0.4
2014-06-20	7.152174	15	16.9	0.019083	27	0.029	0.7681819999999999	3.0	2.9	0.302174	5.0	0.4
2014-06-21	3.882609	6	6.4	0.025	25	0.027	0.237013	0.0	0.4	0.272373	3.0	0.3
2014-06-22	3.452174	5	5.8	0.023583	22	0.024	0.2298705	0.0	0.5	0.2658515	3.0	0.3
2014-06-23	6.952174	13	14.8	0.01975	21	0.023	0.367857	1.0	1.0	0.3321555	5.0	0.4
2014-06-24	6.60625	16	17.2	0.013462	16	0.017	0.4166665	0.0	0.9	0.3240385	5.0	0.4
2014-06-25	4.986957	8	8.4	0.013083	16	0.017	1.2	9.0	6.1	0.3553444999999999	5.0	0.4
2014-06-26	4.4	7	7.5	0.01775	21	0.023	1.3886365	6.0	4.9	0.368025	5.0	0.4
2014-06-27	4.76087	12	13.3	0.015583	17	0.018	0.456818	1.0	1.2	0.3875	6.0	0.5
2014-06-28	4.586957	9	10.7	0.018167	21	0.023	0.309091	0.0	0.6	0.3894019999999999	5.0	0.5
2014-06-29	5.895652	9	10.9	0.019458	24	0.026	0.474026	1.0	1.5	0.404348	5.0	0.5
2014-06-30	7.469565	21	22.0	0.021125	25	0.027	0.4464285	1.0	1.0	0.4490035	6.0	0.6
2014-07-01	3.891304	7	7.7	0.023292	23	0.025	0.4019479999999999	1.0	1.0	0.402174	5.0	0.5
2014-07-02	3.408696	8	8.2	0.019917	20	0.022	0.4045455	0.0	0.6	0.421377	6.0	0.5
2014-07-03	4.586957	6	6.8	0.0205	21	0.023	0.3344155	0.0	0.5	0.3295289999999999	5.0	0.4
2014-07-04	2.878261	4	4.6	0.022708	21	0.023	0.4136364999999999	1.0	1.3	0.274547	3.0	0.3
2014-07-05	3.413043	5	5.6	0.021333	22	0.024	0.3042205	0.0	0.4	0.295652	3.0	0.3
2014-07-06	3.608696	10	11.0	0.018375	20	0.022	0.2974025	0.0	0.4	0.295652	3.0	0.3
2014-07-07	4.891304	8	8.6	0.012875	14	0.015	0.3857145	0.0	0.6	0.2959239999999999	5.0	0.4
2014-07-08	3.721739	8	9.0	0.016292	17	0.018	0.4042205	0.0	0.5	0.3	3.0	0.3
2014-07-09	2.947826	6	6.4	0.016333	16	0.017	0.7181820000000001	1.0	1.4	0.3	3.0	0.3
2014-07-10	3.191304	6	6.2	0.017792	19	0.02	0.625325	1.0	1.8	0.3	3.0	0.3
2014-07-11	3.147826	6	6.2	0.020583	20	0.022	1.1492425000000002	3.0	2.9	0.302174	3.0	0.4
2014-07-12	2.7	8	9.4	0.020625	22	0.024	0.4019479999999999	0.0	0.7	0.3468295	5.0	0.4
2014-07-13	4.186957	8	9.9	0.019	19	0.021	0.367208	0.0	0.5	0.374638	5.0	0.5
2014-07-14	7.582609	13	14.7	0.021625	24	0.026	0.497078	0.0	0.8	0.402174	5.0	0.5
2014-07-15	5.017391	11	12.0	0.023458	26	0.028	1.2301945	6.0	4.6	0.321105	5.0	0.4
2014-07-16	2.956522	8	8.5	0.018917	19	0.02	0.808766	3.0	2.2	0.295652	3.0	0.3
2014-07-17	3.078261	9	10.5	0.019375	20	0.022	1.009091	3.0	2.0	0.297826	3.0	0.4
2014-07-18	2.847826	4	4.6	0.019833	19	0.021	0.7909090000000001	1.0	1.7	0.282971	3.0	0.3
2014-07-19	3.930435	7	7.8	0.020375	21	0.023	1.2207795	7.0	5.2	0.2852355	3.0	0.4
2014-07-20	2.730435	5	5.8	0.019417	20	0.022	1.190909	4.0	3.5	0.3	3.0	0.3
2014-07-21	4.213043	10	11.6	0.018833	21	0.023	1.449675	6.0	4.0	0.302174	3.0	0.4
2014-07-22	4.104348	11	12.2	0.018625	21	0.023	0.8207795	1.0	1.8	0.3065215	3.0	0.5
2014-07-23	4.33913	10	11.6	0.014417	16	0.017	0.9392855	3.0	2.0	0.3065215	3.0	0.4
2014-07-24	8.826087	12	13.1	0.018875	26	0.028	0.6811689999999999	1.0	1.3	0.389312	5.0	0.4
2014-07-25	8.113043	16	17.6	0.024625	32	0.035	0.7234845000000001	3.0	2.1	0.4105075	6.0	0.5
2014-07-26	4.873913	9	10.0	0.020375	23	0.025	0.506818	0.0	0.9	0.365942	5.0	0.4
2014-07-27	4.286957	9	10.0	0.018333	20	0.022	0.4555195	1.0	1.0	0.361685	5.0	0.4
2014-07-28	5.021739	9	10.4	0.018458	19	0.021	0.4532465	0.0	0.6	0.372373	5.0	0.4
2014-07-29	4.888235	9	10.3	0.015143	16	0.017	0.534375	1.0	1.9	0.319538	5.0	0.4
2014-07-30	3.643478	9	10.5	0.014708	17	0.018	0.39026	0.0	0.5	0.3361415	5.0	0.4
2014-07-31	3.908696	7	7.5	0.020083	20	0.022	0.3717535	0.0	0.5	0.3575184999999999	5.0	0.4
2014-08-01	4.63913	8	9.5	0.022167	23	0.025	0.3962119999999999	0.0	0.5	0.3744564999999999	5.0	0.4
2014-08-02	2.630435	4	4.5	0.022583	22	0.024	0.3555195	0.0	0.4	0.368025	5.0	0.4
2014-08-03	2.595652	4	4.6	0.023625	23	0.025	0.5623375	1.0	1.6	0.361685	5.0	0.4
2014-08-04	5.530435	10	11.4	0.021292	24	0.026	1.067208	4.0	3.5	0.329801	5.0	0.4
2014-08-05	6.930435	10	11.4	0.0145	18	0.019	0.6951295	1.0	1.2	0.374638	5.0	0.4
2014-08-06	6.343478	13	14.9	0.014125	18	0.019	0.6392855	1.0	1.4	0.416848	6.0	0.5
2014-08-07	3.482609	6	6.3	0.017667	19	0.02	0.4253249999999999	0.0	0.5	0.368116	5.0	0.4
2014-08-08	4.086957	8	9.3	0.019333	19	0.021	0.439394	0.0	0.5	0.3766305	5.0	0.4
2014-08-09	2.443478	5	5.4	0.019292	19	0.021	0.5883115	3.0	2.3	0.3701085	5.0	0.4
2014-08-10	2.921739	6	6.8	0.020083	20	0.022	0.615909	1.0	1.7	0.372464	5.0	0.4
2014-08-11	4.421739	8	9.8	0.024375	26	0.028	0.9227275	3.0	2.1	0.404348	5.0	0.5
2014-08-12	3.430435	5	5.5	0.026167	26	0.028	1.5	4.0	3.9	0.3272645	5.0	0.4
2014-08-13	5.33913	8	9.9	0.020792	25	0.027	0.6834420000000001	1.0	1.5	0.2810685	3.0	0.4
2014-08-14	4.095652	8	8.7	0.015583	19	0.02	0.4461035	0.0	0.5	0.278714	3.0	0.3
2014-08-15	4.778261	7	7.2	0.02225	24	0.026	0.8992425	6.0	4.4	0.2894925	3.0	0.4
2014-08-16	4.847826	8	8.2	0.023042	23	0.025	0.5623375	1.0	1.2	0.3086955	3.0	0.4
2014-08-17	3.1	9	10.7	0.022292	23	0.025	0.4974024999999999	1.0	1.1	0.3318839999999999	5.0	0.4
2014-08-18	4.130435	7	7.3	0.023333	24	0.026	0.4694805	0.0	0.8	0.348913	5.0	0.4
2014-08-19	3.821739	8	8.8	0.02325	23	0.025	1.0766235	3.0	2.9	0.3574275	5.0	0.4
2014-08-20	4.165217	7	7.0	0.021208	22	0.024	0.8574675	1.0	1.9	0.317029	5.0	0.4
2014-08-21	5.752174	9	10.9	0.019417	22	0.024	1.025325	4.0	3.5	0.376721	5.0	0.5
2014-08-22	3.626087	5	5.4	0.022708	25	0.027	0.584091	1.0	1.1	0.3766305	5.0	0.5
2014-08-23	3.426087	5	5.7	0.028167	30	0.032	0.7974025	3.0	2.5	0.3722824999999999	5.0	0.4
2014-08-24	2.73913	5	5.7	0.028875	28	0.03	1.301948	4.0	3.6	0.361685	5.0	0.4
2014-08-25	3.834783	7	7.4	0.02925	32	0.035	0.9951295	3.0	2.4	0.3766305	5.0	0.4
2014-08-26	6.513043	12	13.1	0.027583	31	0.034	0.748701	1.0	1.7	0.365942	5.0	0.9
2014-08-27	8.013043	20	21.1	0.026167	29	0.031	0.701948	1.0	1.2	0.374275	5.0	0.6
2014-08-28	4.852174	8	8.0	0.021417	22	0.024	0.5925324999999999	1.0	1.3	0.3234599999999999	5.0	0.4
2014-08-29	4.530435	8	8.7	0.015208	18	0.019	0.5265154999999999	0.0	0.8	0.351087	5.0	0.4
2014-08-30	5.986957	11	12.0	0.016292	19	0.021	0.5019480000000001	0.0	0.7	0.3788045	5.0	0.5
2014-08-31	3.604348	11	12.8	0.023524	24	0.026	0.4766235	0.0	0.6	0.3615945	5.0	0.4
2014-09-01	5.342105	10	11.0	0.026421	31	0.033	0.758421	3.0	2.1	0.4036185	6.0	0.5
2014-09-02	4.217391	8	9.9	0.022125	23	0.025	0.5788964999999999	1.0	1.3	0.374547	5.0	0.4
2014-09-03	4.965217	8	8.7	0.02675	28	0.03	1.3048705	3.0	2.9	0.355163	5.0	0.4
2014-09-04	4.891304	11	12.2	0.030542	31	0.033	1.013961	4.0	3.7	0.352989	5.0	0.4
2014-09-05	5.586957	8	9.5	0.034208	34	0.037	0.8333335	1.0	1.9	0.3703805	5.0	0.5
2014-09-06	5.291304	10	11.4	0.037958	42	0.045	1.0626625	4.0	3.9	0.397826	5.0	0.4
2014-09-07	6.204348	17	18.4	0.034625	41	0.044	0.764935	1.0	1.9	0.395652	5.0	0.5
2014-09-08	5.882609	17	18.6	0.03675	39	0.042	1.292857	4.0	3.1	0.348913	5.0	0.4
2014-09-09	6.582609	11	12.2	0.025042	27	0.029	0.837013	1.0	1.5	0.374547	5.0	0.5
2014-09-10	12.334783	21	22.5	0.021542	28	0.03	1.023052	3.0	2.2	0.432065	6.0	0.6
2014-09-11	9.421739	15	16.0	0.029792	36	0.039	0.7532464999999999	3.0	2.1	0.4531705	6.0	0.6
2014-09-12	8.195652	17	18.6	0.025542	29	0.031	0.6651515	1.0	1.6	0.4722825	6.0	0.6
2014-09-13	5.865217	14	15.1	0.0295	31	0.034	0.525325	0.0	0.7	0.4403985	6.0	0.6
2014-09-14	4.726087	8	8.8	0.033083	35	0.038	0.574026	0.0	0.8	0.427627	6.0	0.5
2014-09-15	7.069565	18	19.5	0.025583	29	0.031	1.3788965	10.0	7.0	0.4425725	6.0	0.7
2014-09-16	11.447826	23	24.6	0.0195	26	0.028	1.327922	7.0	5.8	0.5211955	8.0	1.0
2014-09-17	6.243478	14	15.6	0.020458	25	0.027	1.0275975000000002	3.0	2.5	0.408605	6.0	0.5
2014-09-18	8.418182	19	20.3	0.0195	25	0.027	1.125	3.0	2.4	0.445644	6.0	0.6
2014-09-19	7.36087	18	19.2	0.021417	25	0.027	0.5742425	0.0	0.7	0.4766304999999999	6.0	0.6
2014-09-20	4.121739	10	11.3	0.026458	27	0.029	1.0392855	3.0	2.6	0.4488225	6.0	0.5
2014-09-21	3.404348	7	7.4	0.024542	26	0.028	1.2717535	3.0	2.8	0.4065215	5.0	0.5
2014-09-22	7.104348	12	13.6	0.024708	30	0.032	0.780844	1.0	1.4	0.455435	6.0	0.6
2014-09-23	7.426087	18	19.6	0.014708	20	0.022	0.8344155	3.0	2.2	0.4677535	7.0	1.1
2014-09-24	4.778261	10	11.9	0.019458	31	0.034	1.0045455	3.0	2.6	0.3766305	5.0	0.5
2014-09-25	8.004348	20	21.8	0.024208	32	0.035	0.8834420000000001	3.0	2.0	0.410779	6.0	0.6
2014-09-26	6.365217	16	17.6	0.025	31	0.034	0.839394	4.0	3.5	0.3997285	6.0	0.5
2014-09-27	7.256522	13	14.7	0.021125	25	0.027	0.7392855	1.0	1.5	0.4298915	6.0	0.7
2014-09-28	6.182609	10	11.3	0.019792	27	0.029	0.741558	1.0	1.5	0.4171195	6.0	0.5
2014-09-29	7.886957	12	13.4	0.020167	24	0.026	0.6064934999999999	0.0	0.9	0.4317935	6.0	0.5
2014-09-30	12.621739	24	25.7	0.014083	23	0.025	0.757792	1.0	1.1	0.498188	7.0	0.7
2014-10-01	13.826087	35	37.0	0.019917	35	0.038	0.7857145	1.0	1.1	0.472011	7.0	0.9
2014-10-02	13.16087	24	25.0	0.028667	44	0.048	1.2022725	3.0	2.0	0.408424	6.0	0.8
2014-10-03	16.169565	28	30.6	0.035083	50	0.054	1.243939	3.0	2.0	0.4317935	6.0	0.9
2014-10-04	14.673913	30	32.2	0.029333	51	0.055	1.251299	3.0	2.9	0.4685685	8.0	1.0
2014-10-05	10.743478	16	17.4	0.02925	44	0.047	1.890909	11.0	8.2	0.4675725	8.0	0.7
2014-10-06	11.034783	23	24.1	0.023667	27	0.029	1.0883115	4.0	3.3	0.538315	8.0	1.2
2014-10-07	6.763636	12	13.9	0.023792	24	0.026	0.6366885	1.0	1.0	0.382699	5.0	0.5
2014-10-08	10.569565	21	22.6	0.017	19	0.021	0.7227275	1.0	1.1	0.4149454999999999	6.0	0.6
2014-10-09	5.634783	11	12.5	0.024875	28	0.03	0.5905845	0.0	0.7	0.3722824999999999	5.0	0.4
2014-10-10	5.926087	9	10.6	0.0235	24	0.026	0.5848485	0.0	0.7	0.376721	5.0	0.4
2014-10-11	8.226087	15	16.2	0.015292	20	0.022	0.7042205	1.0	1.4	0.3938405	6.0	0.6
2014-10-12	11.06087	26	28.5	0.018958	34	0.037	0.864935	1.0	1.3	0.4703805	7.0	1.0
2014-10-13	10.23913	24	25.6	0.028167	33	0.036	1.3042205	6.0	4.8	0.4508149999999999	7.0	0.9
2014-10-14	5.418182	10	11.8	0.032042	32	0.035	0.7630950000000001	1.0	1.9	0.3829545	5.0	0.5
2014-10-15	10.786957	23	24.0	0.018833	29	0.031	1.1464285	6.0	4.3	0.461866	7.0	0.6
2014-10-16	11.486957	19	20.3	0.018667	31	0.033	1.516234	7.0	5.9	0.517029	7.0	0.9
2014-10-17	15.682609	29	31.7	0.015917	30	0.032	1.231818	3.0	2.4	0.574547	8.0	1.0
2014-10-18	7.665217	15	16.9	0.017167	31	0.033	1.2788965	7.0	5.8	0.5082424999999999	7.0	0.7
2014-10-19	6.682609	10	11.7	0.020167	25	0.027	0.957792	1.0	1.7	0.5146740000000001	7.0	0.6
2014-10-20	7.108696	16	17.7	0.026667	33	0.036	0.932143	1.0	1.9	0.391214	6.0	0.6
2014-10-21	13.30625	24	25.9	0.015	30	0.032	0.446875	0.0	0.9	0.465546	7.0	0.8
2014-10-22	12.165217	17	18.7	0.015708	25	0.027	0.541883	3.0	2.4	0.4977355	7.0	0.9
2014-10-23	15.630435	29	31.6	0.015792	24	0.026	1.249026	7.0	5.1	0.6298915	9.0	1.4
2014-10-24	9.326087	29	31.2	0.026542	30	0.032	0.9863635	3.0	2.5	0.4934785	7.0	1.1
2014-10-25	5.830435	11	12.9	0.030625	33	0.036	0.260065	0.0	0.7	0.42346	6.0	0.5
2014-10-26	3.134783	11	12.3	0.024917	31	0.034	0.13474	0.0	0.2	0.378623	5.0	0.5
2014-10-27	10.078261	21	22.0	0.015958	27	0.029	0.506818	4.0	3.3	0.448913	7.0	0.8
2014-10-28	11.869565	21	22.6	0.014	25	0.027	0.3974025	3.0	2.8	0.3935685	6.0	0.8
2014-10-29	15.369565	34	36.9	0.017875	33	0.036	1.3724025	7.0	5.7	0.4363225	6.0	0.8
2014-10-30	13.077273	25	26.5	0.021417	26	0.028	1.9142855	10.0	7.1	0.470644	8.0	1.1
2014-10-31	10.965217	28	30.3	0.026458	30	0.032	0.3636365	1.0	1.1	0.402174	6.0	0.8
2014-11-01	3.695652	15	16.4	0.029833	32	0.035	0.306818	0.0	0.5	0.314855	5.0	0.5
2014-11-02	7.682609	24	25.2	0.015958	27	0.029	0.4272724999999999	3.0	2.3	0.4001814999999999	6.0	0.8
2014-11-03	15.471429	25	27.0	0.009583	19	0.021	0.8642855	4.0	3.7	0.5416665	7.0	1.0
2014-11-04	16.594737	34	36.6	0.012667	26	0.028	1.0208335	3.0	2.4	0.5574405	7.0	1.0
2014-11-05	18.982353	28	30.5	0.011643	22	0.024	1.045	4.0	3.2	0.6088235	8.0	1.1
2014-11-06	18.1	24	25.4	0.014083	29	0.031	1.777381	9.0	6.9	0.6348485	8.0	0.9
2014-11-07	15.247826	26	28.7	0.008792	19	0.021	0.62803	1.0	1.2	0.6873184999999999	9.0	1.1
2014-11-08	12.991304	26	28.8	0.015125	30	0.032	1.0603895	3.0	2.2	0.621377	9.0	0.9
2014-11-09	7.408696	19	20.6	0.016083	24	0.026	0.7509739999999999	3.0	2.6	0.5910325000000001	9.0	0.8
2014-11-10	10.83913	17	18.4	0.018208	29	0.031	0.8064935000000001	3.0	2.8	0.6339675	9.0	1.0
2014-11-11	4.582609	9	10.4	0.03375	34	0.037	0.799675	3.0	2.9	0.4530794999999999	6.0	0.5
2014-11-12	6.634783	20	21.0	0.031167	33	0.036	0.699675	3.0	2.5	0.4596015	6.0	0.6
2014-11-13	11.478261	22	23.5	0.013333	19	0.021	0.5298705	1.0	1.4	0.557699	8.0	0.9
2014-11-14	9.178261	22	23.7	0.019917	30	0.032	0.593939	0.0	0.9	0.5865035000000001	10.0	1.5
2014-11-15	10.578261	25	26.1	0.014167	27	0.029	0.5461035	1.0	1.0	0.534511	8.0	1.0
2014-11-16	8.295652	24	25.9	0.025708	31	0.034	1.723052	7.0	5.4	0.4166665	8.0	0.7
2014-11-17	7.795652	15	16.4	0.023042	28	0.03	2.5814935	10.0	7.4	0.4042575	6.0	0.5
2014-11-18	11.447826	17	18.4	0.019875	22	0.024	5.586039	19.0	13.4	0.4082425	6.0	0.5
2014-11-19	15.178261	21	22.8	0.012667	19	0.021	0.5694805	0.0	0.9	0.4553445	6.0	0.7
2014-11-20	17.082609	27	29.7	0.008875	14	0.015	0.6483765	1.0	1.2	0.6003620000000001	8.0	1.0
2014-11-21	16.130435	31	33.9	0.009125	13	0.014	1.306061	4.0	3.1	0.491576	7.0	0.8
2014-11-22	5.791304	17	18.7	0.023417	30	0.032	0.5344154999999999	1.0	1.9	0.4313405	7.0	0.6
2014-11-23	8.886957	26	28.6	0.013583	25	0.027	0.648701	1.0	1.7	0.4876815	8.0	0.9
2014-11-24	13.191304	26	28.8	0.008792	17	0.018	1.1766235	3.0	2.8	0.585145	8.0	1.1
2014-11-25	14.843478	23	24.1	0.011542	19	0.021	1.5204545	4.0	3.4	0.580616	8.0	0.9
2014-11-26	16.843478	25	26.9	0.0125	24	0.026	1.3292205	4.0	3.4	0.5938405	8.0	0.8
2014-11-27	15.83913	25	26.5	0.010458	20	0.022	1.476948	6.0	4.9	0.6895835	10.0	1.1
2014-11-28	13.717391	25	26.2	0.018625	25	0.027	0.9045455	3.0	2.3	0.5994565000000001	10.0	0.9
2014-11-29	9.869565	14	15.8	0.017167	20	0.022	0.4042205	0.0	0.6	0.5661229999999999	8.0	0.8
2014-11-30	6.204348	9	10.8	0.015583	20	0.022	0.4253249999999999	0.0	0.6	0.5339674999999999	7.0	0.6
2014-12-01	5.665217	10	11.8	0.015667	19	0.021	0.6042204999999999	1.0	1.2	0.4762685	7.0	0.6
2014-12-02	9.63913	23	24.6	0.014083	22	0.024	0.5717535	0.0	0.9	0.498188	8.0	0.9
2014-12-03	7.226087	18	19.0	0.025667	31	0.034	0.423052	0.0	0.8	0.4701085	8.0	0.7
2014-12-04	13.745455	24	25.5	0.01475	25	0.027	0.764286	1.0	1.7	0.5609845	7.0	0.8
2014-12-05	10.756522	18	19.6	0.013958	20	0.022	0.8613635000000001	1.0	1.8	0.674185	10.0	1.5
2014-12-06	9.656522	22	23.4	0.014833	22	0.024	0.6136365	0.0	0.9	0.576902	8.0	1.2
2014-12-07	7.2	14	15.2	0.010125	18	0.019	0.6762990000000001	1.0	1.5	0.5916665	9.0	1.2
2014-12-08	14.165217	20	21.5	0.004292	7	0.008	1.2646105	3.0	2.4	0.778442	11.0	1.7
2014-12-09	13.756522	18	19.3	0.0025	4	0.004	1.4113635000000002	4.0	3.0	0.7126815	9.0	1.1
2014-12-10	11.013043	17	18.0	0.01425	24	0.026	1.012987	3.0	2.0	0.590942	8.0	1.0
2014-12-11	7.33913	14	15.4	0.028667	30	0.032	0.4461035	0.0	0.9	0.4108695	6.0	0.6
2014-12-12	18.665217	29	31.6	0.010708	20	0.022	0.646212	0.0	0.8	0.6387685	9.0	0.9
2014-12-13	8.613043	14	15.1	0.016208	20	0.022	1.099351	3.0	2.7	0.552808	9.0	0.8
2014-12-14	4.465217	7	7.9	0.01975	19	0.021	0.6019479999999999	0.0	0.9	0.4655795	7.0	0.6
2014-12-15	11.243478	18	19.0	0.017667	20	0.022	0.499675	0.0	0.6	0.540761	7.0	0.7
2014-12-16	10.634783	25	26.4	0.023167	26	0.028	0.5019480000000001	0.0	0.6	0.4487315	7.0	0.7
2014-12-17	14.73913	25	26.2	0.02125	26	0.028	0.6577919999999999	1.0	1.1	0.4615035	7.0	0.7
2014-12-18	13.634783	23	24.1	0.011625	19	0.02	0.7717535	1.0	1.5	0.4899455	7.0	0.9
2014-12-19	14.978261	26	28.5	0.01175	20	0.022	0.54697	0.0	0.7	0.5103260000000001	8.0	0.8
2014-12-20	14.643478	26	28.4	0.013042	20	0.022	0.792208	1.0	1.3	0.5082424999999999	7.0	0.7
2014-12-21	7.713043	18	19.9	0.013167	22	0.024	0.541558	1.0	1.0	0.4324275	7.0	0.8
2014-12-22	12.252632	21	22.2	0.0039	11	0.012	1.024737	3.0	2.0	0.7424999999999999	10.0	1.6
2014-12-23	11.126087	22	23.9	0.004833	9	0.01	1.1974025	3.0	2.3	0.5615035	9.0	1.0
2014-12-24	6.673913	17	18.4	0.026667	35	0.038	0.8224025	3.0	2.0	0.422826	8.0	0.8
2014-12-25	1.517391	3	3.7	0.029958	30	0.032	0.5743510000000001	0.0	0.7	0.302174	3.0	0.4
2014-12-26	7.791304	25	26.6	0.023208	31	0.033	0.739394	1.0	1.1	0.370652	7.0	0.8
2014-12-27	12.195652	22	23.6	0.015042	23	0.025	1.4974025	3.0	2.9	0.485326	7.0	0.7
2014-12-28	15.443478	28	30.8	0.0105	21	0.023	1.2766235	3.0	2.7	0.638587	10.0	1.0
2014-12-29	10.808696	25	26.0	0.014083	21	0.023	0.7666665	1.0	1.2	0.5673915	10.0	0.9
2014-12-30	5.034783	14	15.6	0.030125	31	0.034	0.6782465	1.0	1.6	0.3612315	7.0	0.6
2014-12-31	9.756522	32	34.1	0.026579	32	0.035	0.799675	1.0	1.4	0.376902	8.0	0.9
2015-01-01	9.704348	24	25.2	0.021875	30	0.032	1.3691559999999998	1.0	1.9	0.3876815	7.0	0.7
2015-01-02	18.152174	29	31.8	0.014708	25	0.027	1.5675325	4.0	3.6	0.57654	8.0	0.9
2015-01-03	18.547826	30	32.3	0.010875	20	0.022	2.0621210000000003	7.0	5.2	0.6108695	9.0	1.0
2015-01-04	19.565217	30	32.4	0.017167	28	0.03	1.705844	4.0	3.0	0.6063405	9.0	0.8
2015-01-05	19.66087	26	28.9	0.016292	25	0.027	2.3295455	6.0	4.2	0.5655795	8.0	0.8
2015-01-06	16.382609	25	27.4	0.018458	26	0.028	2.076299	6.0	4.5	0.5292574999999999	7.0	0.6
2015-01-07	19.221739	31	33.3	0.013125	24	0.026	1.7204545	4.0	3.8	0.57029	8.0	1.2
2015-01-08	22.821739	33	35.1	0.008083	18	0.019	2.015909	6.0	4.4	0.678623	11.0	2.0
2015-01-09	22.156522	37	39.0	0.002917	6	0.007	1.4555195	3.0	2.5	0.6747285000000001	9.0	1.0
2015-01-10	17.034783	32	34.6	0.008083	17	0.018	0.9522725	3.0	2.5	0.601902	9.0	1.1
2015-01-11	17.878261	24	25.8	0.0045	10	0.011	0.9136365	1.0	1.6	0.6490945	9.0	1.0
2015-01-12	17.66087	26	28.8	0.004708	10	0.011	0.9714285	1.0	1.5	0.7039855	9.0	1.2
2015-01-13	14.804348	25	27.3	0.008208	18	0.019	1.141558	3.0	2.2	0.572192	8.0	1.0
2015-01-14	13.026087	22	23.1	0.013458	20	0.022	0.9016235	1.0	1.7	0.5146740000000001	7.0	0.8
2015-01-15	15.530435	24	25.5	0.01275	22	0.024	1.2905845	4.0	3.1	0.510598	7.0	0.9
2015-01-16	21.743478	35	37.6	0.004667	14	0.015	1.7204545	6.0	4.0	0.763587	13.0	1.3
2015-01-17	12.621739	20	21.9	0.010583	19	0.02	1.0424245	3.0	2.4	0.4812499999999999	8.0	0.8
2015-01-18	12.226087	19	20.0	0.005875	12	0.013	1.011039	3.0	2.3	0.5103260000000001	8.0	0.9
2015-01-19	11.373913	24	25.1	0.006625	14	0.015	0.8788965	3.0	2.0	0.4916665	7.0	0.8
2015-01-20	15.456522	27	29.0	0.005125	12	0.013	1.6717535	4.0	3.8	0.5530795	8.0	1.0
2015-01-21	16.391304	25	27.8	0.008125	16	0.017	1.143831	3.0	2.1	0.5596015	7.0	0.8
2015-01-22	12.552174	23	24.0	0.008125	14	0.015	1.125	1.0	1.8	0.480797	7.0	0.6
2015-01-23	18.669565	27	29.8	0.0065	13	0.014	1.541883	4.0	3.1	0.5914855000000001	8.0	0.9
2015-01-24	12.7	22	23.8	0.011167	17	0.018	1.1393939999999998	3.0	2.0	0.5145835000000001	7.0	0.6
2015-01-25	12.534783	28	30.5	0.012167	23	0.025	0.9603895	3.0	2.4	0.5196555	9.0	1.2
2015-01-26	17.06087	28	30.8	0.008625	18	0.019	1.401299	3.0	2.6	0.5615035	9.0	0.9
2015-01-27	23.791304	38	40.7	0.012	19	0.021	1.623052	4.0	3.6	0.6487315	10.0	2.0
2015-01-28	19.834783	30	32.6	0.008625	16	0.017	1.3483765	6.0	4.1	0.6446555	9.0	1.6
2015-01-29	18.708696	31	33.0	0.008458	19	0.02	1.325649	3.0	2.5	0.6190215	9.0	1.4
2015-01-30	15.03913	19	20.0	0.007958	18	0.019	0.9272725	1.0	1.6	0.629801	9.0	1.2
2015-01-31	12.308696	25	26.0	0.019667	31	0.034	1.1204545	4.0	3.3	0.421105	7.0	0.7
2015-02-01	13.869565	25	26.2	0.012667	20	0.022	1.6295455	6.0	4.7	0.542663	7.0	0.8
2015-02-02	16.730435	33	35.1	0.014708	22	0.024	1.532792	7.0	5.6	0.6508149999999999	10.0	1.6
2015-02-03	15.730435	26	28.3	0.013583	19	0.021	2.4025975	13.0	9.1	0.47029	7.0	0.7
2015-02-04	10.834783	17	18.6	0.02	27	0.029	1.748701	7.0	5.2	0.4505435	7.0	0.6
2015-02-05	17.365217	31	33.5	0.019125	25	0.027	1.023052	1.0	1.6	0.447011	7.0	1.0
2015-02-06	7.047826	8	9.5	0.023417	26	0.028	0.476299	0.0	0.6	0.3637685	5.0	0.4
2015-02-07	10.404348	25	27.4	0.018375	24	0.026	0.589394	1.0	1.2	0.4387685	7.0	1.1
2015-02-08	6.291304	17	18.6	0.025792	33	0.036	0.6435065	1.0	1.6	0.4567935	7.0	0.6
2015-02-09	7.704348	21	22.5	0.023833	30	0.032	1.025649	3.0	2.3	0.385326	5.0	0.6
2015-02-10	11.552174	28	30.2	0.012167	23	0.025	0.841558	1.0	1.3	0.5108695	7.0	1.0
2015-02-11	11.078261	19	20.5	0.013958	24	0.026	0.9717535	1.0	1.6	0.5509055	8.0	1.0
2015-02-12	14.33913	25	26.7	0.014	26	0.028	1.387987	3.0	2.3	0.5214675	7.0	0.8
2015-02-13	14.886957	22	23.2	0.015458	25	0.027	1.2344155	3.0	2.1	0.5808880000000001	7.0	0.7
2015-02-14	11.413043	21	22.7	0.01375	23	0.025	1.0863635	3.0	2.5	0.561685	7.0	0.9
2015-02-15	9.978261	16	17.5	0.01475	23	0.025	1.038961	1.0	1.6	0.5297099999999999	8.0	0.7
2015-02-16	8.6	17	18.7	0.02525	31	0.033	1.0698055	1.0	1.9	0.516848	7.0	0.8
2015-02-17	6.547826	11	12.5	0.033625	33	0.036	0.8785715000000001	1.0	1.9	0.4530794999999999	6.0	0.5
2015-02-18	6.73913	17	18.8	0.020208	28	0.03	0.6087659999999999	1.0	1.4	0.506884	7.0	0.8
2015-02-19	8.778261	18	19.3	0.017	18	0.019	1.106169	4.0	3.2	0.480163	8.0	0.7
2015-02-20	9.765217	21	22.9	0.012875	21	0.023	1.5415579999999998	4.0	3.1	0.4153985	6.0	0.8
2015-02-21	11.595652	23	24.5	0.016667	26	0.028	1.7507575000000002	4.0	3.9	0.480797	7.0	0.8
2015-02-22	4.982609	21	22.3	0.027667	32	0.035	0.6879869999999999	1.0	1.2	0.3354165	7.0	0.7
2015-02-23	6.708696	27	29.9	0.027458	34	0.037	0.6857145	1.0	1.0	0.2408515	5.0	0.5
2015-02-24	14.03913	22	23.0	0.019292	26	0.028	1.248701	4.0	3.7	0.438315	6.0	0.7
2015-02-25	14.430435	24	25.7	0.017042	27	0.029	1.4275975	4.0	3.8	0.4936595	8.0	1.1
2015-02-26	8.056522	16	17.2	0.021792	26	0.028	0.89026	1.0	1.6	0.408152	7.0	0.8
2015-02-27	3.956522	12	13.4	0.028875	31	0.033	0.8532464999999999	1.0	1.1	0.3065215	3.0	0.4
2015-02-28	10.017391	25	27.0	0.020905	29	0.031	0.869697	1.0	1.7	0.455797	7.0	1.1
2015-03-01	7.889474	18	19.0	0.021263	28	0.03	1.2457895	3.0	2.5	0.4036185	7.0	0.6
2015-03-02	10.675	25	27.6	0.022667	32	0.035	0.8666665	3.0	2.0	0.4375	6.0	0.7
2015-03-03	9.472727	14	15.2	0.016542	28	0.03	1.3988095	6.0	4.2	0.4823865	7.0	0.8
2015-03-04	13.983333	33	35.3	0.01725	29	0.031	0.9895835	3.0	2.6	0.55	8.0	0.9
2015-03-05	14.134783	34	36.5	0.024	36	0.039	1.6094155	3.0	2.9	0.48279	7.0	0.9
2015-03-06	16.982609	31	33.2	0.019167	33	0.036	1.2094155	4.0	3.2	0.5022645	7.0	0.9
2015-03-07	13.265217	26	28.6	0.020167	31	0.033	1.362879	3.0	2.5	0.5039855	7.0	0.7
2015-03-08	8.13913	12	13.8	0.021667	25	0.027	1.3301945	6.0	4.3	0.474185	7.0	0.6
2015-03-09	10.173913	19	20.2	0.022458	23	0.025	0.7295455	1.0	1.2	0.489402	7.0	0.6
2015-03-10	10.256522	17	18.2	0.022792	29	0.031	1.66526	9.0	6.3	0.519203	7.0	0.7
2015-03-11	13.913043	25	27.7	0.020583	31	0.034	1.593182	7.0	5.1	0.4999095	8.0	1.0
2015-03-12	11.426087	25	27.0	0.018208	30	0.032	0.766883	1.0	1.0	0.4190215	6.0	0.7
2015-03-13	12.452174	20	21.8	0.015708	29	0.031	1.474026	4.0	3.7	0.485145	7.0	0.8
2015-03-14	16.491304	42	45.9	0.0265	42	0.045	1.846212	4.0	3.4	0.5343295	8.0	1.0
2015-03-15	12.356522	24	25.0	0.022625	33	0.036	1.43474	6.0	4.2	0.452808	8.0	0.7
2015-03-16	10.126087	18	19.3	0.02275	29	0.031	1.1509740000000002	9.0	6.0	0.431612	6.0	0.7
2015-03-17	8.547826	26	28.6	0.02775	37	0.04	0.8298705	1.0	1.5	0.3446555	5.0	0.6
2015-03-18	12.778261	23	24.3	0.022625	29	0.031	1.0626625	1.0	1.9	0.487138	8.0	1.0
2015-03-19	13.486957	24	25.0	0.026292	35	0.038	1.048052	1.0	1.9	0.531884	8.0	0.9
2015-03-20	13.869565	32	34.9	0.027833	33	0.036	0.7694805	1.0	1.0	0.5020835	7.0	0.7
2015-03-21	7.826087	14	15.9	0.029792	31	0.033	0.681061	1.0	1.0	0.438225	6.0	0.6
2015-03-22	3.830435	9	10.7	0.034917	36	0.039	1.5279219999999998	4.0	3.1	0.4063405	6.0	0.5
2015-03-23	7.06087	26	28.0	0.036125	42	0.045	0.8392854999999999	1.0	1.2	0.455163	7.0	1.1
2015-03-24	9.208696	33	35.0	0.028125	33	0.036	0.8905845	1.0	1.5	0.4917574999999999	6.0	0.7
2015-03-25	7.613043	17	18.6	0.02125	31	0.033	1.083117	4.0	3.4	0.3655795	7.0	0.7
2015-03-26	12.117391	22	23.5	0.022375	40	0.043	1.3298705	3.0	2.2	0.376812	6.0	0.7
2015-03-27	6.456522	15	16.9	0.018833	25	0.027	0.7623375	1.0	1.0	0.3341484999999999	5.0	0.4
2015-03-28	10.721739	24	25.0	0.021875	35	0.038	0.9386365	3.0	2.6	0.374547	6.0	0.5
2015-03-29	8.73913	18	19.4	0.026625	32	0.035	0.9113635	1.0	1.7	0.408062	6.0	0.6
2015-03-30	8.782609	28	30.5	0.030292	36	0.039	0.8532464999999999	1.0	1.3	0.40625	6.0	0.8
2015-03-31	4.734783	22	23.2	0.039042	41	0.044	0.818182	1.0	1.0	0.32971	5.0	0.7
2015-04-01	3.682609	10	11.7	0.040375	42	0.045	0.7555195	0.0	0.9	0.3065215	3.0	0.4
2015-04-02	5.7	21	22.4	0.032833	42	0.045	0.832143	1.0	1.0	0.3214675	5.0	0.5
2015-04-03	11.052174	22	23.7	0.031417	44	0.047	1.055844	3.0	2.7	0.476449	7.0	0.9
2015-04-04	5.586957	24	25.6	0.0415	44	0.048	1.0174245	3.0	2.0	0.3936595	7.0	0.9
2015-04-05	4.678261	8	9.5	0.037542	44	0.047	0.9532465	1.0	1.9	0.41721	6.0	0.5
2015-04-06	8.917391	20	21.8	0.03875	42	0.045	1.2272725	4.0	3.6	0.3994565	7.0	0.7
2015-04-07	4.530435	14	15.5	0.041792	44	0.047	1.0022725	3.0	2.0	0.2935685	5.0	0.4
2015-04-08	7.534783	21	22.3	0.030667	44	0.047	1.0461035	1.0	1.8	0.37029	6.0	0.9
2015-04-09	7.704348	13	14.4	0.027292	43	0.046	1.3766235	3.0	2.9	0.3490945	5.0	0.5
2015-04-10	10.143478	18	19.5	0.029042	42	0.045	1.625649	11.0	8.2	0.4	6.0	0.7
2015-04-11	8.356522	15	16.0	0.02625	34	0.037	1.594697	14.0	10.7	0.4171195	6.0	0.7
2015-04-12	7.304348	13	14.7	0.028292	35	0.038	1.916234	9.0	6.8	0.421286	6.0	0.5
2015-04-13	5.443478	18	19.4	0.039083	44	0.048	1.0555195	4.0	3.0	0.419112	6.0	0.5
2015-04-14	2.873913	7	7.6	0.043708	44	0.048	0.8483765000000001	1.0	1.1	0.402174	5.0	0.5
2015-04-15	6.252174	17	18.4	0.034625	44	0.048	0.941558	1.0	1.4	0.370199	6.0	0.6
2015-04-16	8.76087	26	28.2	0.039583	50	0.054	0.9857145	1.0	1.6	0.3552535	5.0	0.5
2015-04-17	9.1	18	19.8	0.034917	39	0.042	0.7857145	1.0	1.1	0.438315	6.0	0.6
2015-04-18	4.904348	8	8.0	0.03725	37	0.04	0.809091	1.0	1.8	0.431884	6.0	0.5
2015-04-19	4.291304	7	7.0	0.038333	37	0.04	0.6974025	1.0	1.0	0.4574275	6.0	0.5
2015-04-20	4.873913	15	16.2	0.038917	38	0.041	1.374026	4.0	3.1	0.438225	6.0	0.6
2015-04-21	4.521739	8	8.3	0.034	35	0.038	1.0876625	4.0	3.0	0.3466485	5.0	0.5
2015-04-22	6.826087	13	14.7	0.03325	36	0.039	1.143831	3.0	2.5	0.3637685	5.0	0.4
2015-04-23	6.586957	15	16.7	0.035875	36	0.039	0.841558	1.0	1.2	0.365942	5.0	0.6
2015-04-24	3.36087	8	8.2	0.041	44	0.047	1.174351	3.0	2.9	0.3127715	5.0	0.4
2015-04-25	2.504348	8	8.5	0.035042	37	0.04	0.7696970000000001	1.0	1.4	0.3065215	3.0	0.4
2015-04-26	5.708696	16	17.5	0.029292	42	0.045	0.9857145	3.0	2.2	0.3365034999999999	5.0	0.6
2015-04-27	11.465217	23	24.5	0.021792	28	0.03	1.106818	1.0	1.9	0.499638	8.0	0.8
2015-04-28	8.86087	17	18.4	0.02325	31	0.033	0.941558	1.0	1.6	0.3875	5.0	0.5
2015-04-29	10.613043	17	18.6	0.027417	31	0.033	0.999675	1.0	1.3	0.47029	6.0	0.5
2015-04-30	13.2	25	27.9	0.03325	64	0.059	1.7373375	4.0	3.9	0.5574275	9.0	1.2
2015-05-01	10.245455	24	25.4	0.038958	43	0.046	0.9461035	1.0	1.4	0.5234844999999999	7.0	0.8
2015-05-02	4.630435	9	10.4	0.046875	44	0.048	1.2598485	4.0	3.1	0.446739	6.0	0.5
2015-05-03	2.691304	5	5.0	0.044375	44	0.048	1.043831	3.0	2.0	0.404348	5.0	0.5
2015-05-04	4.804348	9	10.8	0.0395	41	0.044	0.9298705	1.0	1.5	0.4811594999999999	6.0	0.6
2015-05-05	7.56	13	14.4	0.036167	34	0.037	0.0964285	0.0	0.8	0.45	6.0	0.6
2015-05-06	7.2	13	14.1	0.03425	35	0.038	0.0	0.0	0.0	0.3788045	5.0	0.5
2015-05-07	10.804762	24	25.4	0.031833	34	0.037	0.235	1.0	1.9	0.3901785	6.0	0.6
2015-05-08	8.141176	28	30.9	0.034071	34	0.037	0.4656249999999999	3.0	2.7	0.398109	6.0	0.8
2015-05-09	4.7	11	12.6	0.036458	36	0.039	0.246212	1.0	1.8	0.404348	5.0	0.5
2015-05-10	3.013043	6	6.5	0.0345	36	0.039	0.0	0.0	0.0	0.404348	5.0	0.5
2015-05-11	3.747826	16	17.9	0.037375	40	0.043	0.0	0.0	0.0	0.404348	5.0	0.5
2015-05-12	3.168182	12	13.0	0.040417	40	0.043	0.0	0.0	0.0	0.333877	5.0	0.4
2015-05-13	4.373913	14	15.7	0.039083	40	0.043	0.267208	1.0	1.3	0.3065215	3.0	0.4
2015-05-14	5.669565	11	12.9	0.04075	42	0.045	0.63474	1.0	1.7	0.3530795	5.0	0.4
2015-05-15	4.943478	10	11.9	0.035333	37	0.04	0.0373375	0.0	0.4	0.368116	5.0	0.4
2015-05-16	5.217391	10	11.3	0.033583	33	0.036	0.0	0.0	0.1	0.4130435	5.0	0.6
2015-05-17	2.604348	5	5.8	0.03625	35	0.038	0.3886365	3.0	2.4	0.404348	5.0	0.5
2015-05-18	3.617391	8	9.5	0.03325	32	0.035	0.123052	1.0	1.4	0.367935	5.0	0.6
2015-05-19	4.330435	8	9.6	0.031375	31	0.034	0.0626625	0.0	0.9	0.365942	5.0	0.5
2015-05-20	3.995652	11	12.6	0.031292	32	0.035	0.449026	3.0	2.9	0.3108695	3.0	0.4
2015-05-21	4.995652	11	12.2	0.031625	32	0.035	0.5392855	3.0	2.5	0.3340579999999999	5.0	0.4
2015-05-22	4.243478	8	9.2	0.032292	33	0.036	0.6113635000000001	3.0	2.2	0.3596015	5.0	0.5
2015-05-23	4.895652	11	12.7	0.03475	34	0.037	0.018182	0.0	0.4	0.3725545	5.0	0.5
2015-05-24	3.291304	5	5.3	0.034	33	0.036	0.2788965	3.0	2.1	0.367935	5.0	0.4
2015-05-25	3.834783	8	9.5	0.031333	31	0.033	0.6185065	3.0	2.7	0.3682065	5.0	0.5
2015-05-26	4.108696	9	10.7	0.033708	33	0.036	1.1113635	6.0	4.0	0.378623	5.0	0.4
2015-05-27	4.995652	9	10.2	0.02725	27	0.029	0.311039	1.0	1.6	0.383062	5.0	0.5
2015-05-28	4.282609	8	9.1	0.027292	27	0.029	0.0113635	0.0	0.1	0.3487314999999999	5.0	0.5
2015-05-29	3.734783	8	9.3	0.02975	31	0.033	0.0	0.0	0.0	0.295652	3.0	0.3
2015-05-30	3.63913	7	7.4	0.032708	34	0.037	0.0	0.0	0.0	0.344565	5.0	0.4
2015-05-31	2.517391	5	5.6	0.035875	37	0.04	0.486039	3.0	2.5	0.304348	3.0	0.4
2015-06-01	5.282609	15	16.0	0.025458	29	0.031	0.5045455	3.0	2.2	0.378895	5.0	0.5
2015-06-02	5.347826	14	15.7	0.024958	26	0.028	0.099675	0.0	0.4	0.372373	5.0	0.5
2015-06-03	7.194737	10	11.9	0.023412	25	0.027	0.1816665	0.0	0.6	0.4298245	6.0	0.5
2015-06-04	6.33913	10	11.3	0.024292	24	0.026	0.0788965	0.0	0.3	0.421739	6.0	0.5
2015-06-05	5.930435	12	13.0	0.024708	26	0.028	0.164935	0.0	0.6	0.4298915	6.0	0.5
2015-06-06	3.978261	7	7.6	0.026875	27	0.029	0.1484845	0.0	0.8	0.404348	5.0	0.5
2015-06-07	4.234783	7	7.0	0.023	24	0.026	0.1951295	0.0	0.8	0.438225	6.0	0.5
2015-06-08	10.804348	15	16.4	0.023417	32	0.035	0.7535715000000001	3.0	2.1	0.5341485	7.0	0.7
2015-06-09	7.421739	12	13.0	0.021583	25	0.027	0.3925325	0.0	0.7	0.415036	6.0	0.5
2015-06-10	11.795652	24	25.9	0.017917	22	0.024	0.5603895	4.0	3.6	0.4936595	7.0	0.7
2015-06-11	7.93913	17	18.2	0.025125	28	0.03	0.3113635	1.0	1.1	0.4425725	6.0	0.6
2015-06-12	5.882609	12	13.0	0.025875	27	0.029	0.1603895	0.0	0.4	0.421286	6.0	0.5
2015-06-13	2.947826	5	5.4	0.030417	30	0.032	0.156818	0.0	0.4	0.404348	5.0	0.5
2015-06-14	2.986957	8	9.9	0.030708	30	0.032	0.1483765	0.0	0.3	0.404348	5.0	0.6
2015-06-15	3.469565	8	9.0	0.028958	28	0.03	0.1113635	0.0	0.3	0.344475	5.0	0.4
2015-06-16	4.769565	10	11.1	0.027833	28	0.03	0.111039	0.0	0.3	0.3531704999999999	5.0	0.4
2015-06-17	4.995652	9	10.6	0.028083	28	0.03	0.1392855	0.0	0.4	0.365942	5.0	0.4
2015-06-18	4.008696	8	8.4	0.028625	28	0.03	0.0532465	0.0	0.1	0.365942	5.0	0.4
2015-06-19	5.265217	8	9.9	0.02275	24	0.026	0.087987	0.0	0.2	0.376721	5.0	0.4
2015-06-20	4.76087	9	10.4	0.025917	28	0.03	0.0742425	0.0	0.2	0.4	5.0	0.4
2015-06-21	2.947826	9	10.9	0.031792	33	0.036	0.1159089999999999	0.0	0.6	0.3829709999999999	5.0	0.4
2015-06-22	4.104348	9	10.8	0.027667	27	0.029	0.106818	0.0	0.5	0.3934784999999999	5.0	0.4
2015-06-23	6.282609	11	12.3	0.026208	26	0.028	0.2185065	0.0	0.5	0.4403985	6.0	0.5
2015-06-24	5.573913	8	9.3	0.023542	24	0.026	0.1974024999999999	0.0	0.5	0.4572465	6.0	0.5
2015-06-25	7.234783	18	19.8	0.022542	25	0.027	0.2555195	0.0	0.6	0.483152	6.0	0.6
2015-06-26	5.104348	8	9.7	0.027083	30	0.032	0.406818	1.0	1.2	0.497826	6.0	0.6
2015-06-27	2.565217	4	4.8	0.017542	24	0.026	0.2977275	0.0	0.7	0.4744564999999999	6.0	0.5
2015-06-28	3.026087	6	6.4	0.020583	22	0.024	0.4506214999999999	1.0	1.2	0.497826	6.0	0.6
2015-06-29	6.095833	11	12.7	0.018375	22	0.024	0.5604165000000001	3.0	2.3	0.4145835	6.0	0.5
2015-06-30	8.669565	15	16.2	0.017375	21	0.023	0.164935	0.0	0.4	0.3594205	5.0	0.4
2015-07-01	8.073913	15	16.3	0.019958	25	0.027	0.3344155	1.0	1.3	0.365942	5.0	0.4
2015-07-02	5.152174	8	9.1	0.019667	21	0.023	0.1905845	0.0	0.5	0.3596015	5.0	0.4
2015-07-03	4.626087	6	6.8	0.023792	24	0.026	0.199351	0.0	0.8	0.372373	5.0	0.4
2015-07-04	2.691304	5	5.0	0.0235	25	0.027	0.1022724999999999	0.0	0.4	0.357337	5.0	0.4
2015-07-05	1.947826	4	4.6	0.022708	24	0.026	1.490909	4.0	3.3	0.304348	3.0	0.4
2015-07-06	4.334783	10	11.3	0.022792	27	0.029	1.024675	6.0	4.0	0.3553444999999999	5.0	0.4
2015-07-07	3.2	8	8.6	0.019542	19	0.021	1.043831	6.0	4.6	0.355163	5.0	0.4
2015-07-08	2.756522	6	6.6	0.021292	22	0.024	0.5788964999999999	3.0	2.1	0.359692	5.0	0.4
2015-07-09	3.686957	7	7.1	0.025542	25	0.027	0.992857	3.0	2.2	0.402174	5.0	0.5
2015-07-10	4.226087	9	10.8	0.021708	22	0.024	0.6532465000000001	3.0	2.3	0.404348	5.0	0.5
2015-07-11	2.317391	7	7.0	0.023333	24	0.026	0.7704545	3.0	2.4	0.4	5.0	0.4
2015-07-12	2.191304	5	5.2	0.020542	23	0.025	1.549351	7.0	5.4	0.404348	5.0	0.5
2015-07-13	4.26087	8	8.9	0.014833	17	0.018	0.241558	0.0	0.5	0.402174	5.0	0.5
2015-07-14	3.456522	5	5.6	0.020042	23	0.025	0.1974024999999999	0.0	0.3	0.419112	6.0	0.5
2015-07-15	4.673913	8	9.8	0.022833	25	0.027	0.713961	4.0	3.1	0.4594205	6.0	0.5
2015-07-16	4.2	7	7.1	0.023583	25	0.027	1.044156	6.0	4.4	0.3401269999999999	6.0	0.5
2015-07-17	4.3	6	6.0	0.02925	31	0.033	0.701948	3.0	2.0	0.280888	3.0	0.4
2015-07-18	2.756522	5	5.8	0.03075	33	0.036	0.8242425	1.0	1.4	0.2744565	3.0	0.4
2015-07-19	4.917391	11	12.8	0.027708	36	0.039	0.725649	6.0	4.0	0.297826	3.0	0.4
2015-07-20	6.56087	20	21.2	0.017875	20	0.022	0.301948	0.0	0.9	0.348913	5.0	0.5
2015-07-21	2.956522	5	5.4	0.018292	20	0.022	0.111039	0.0	0.3	0.3	3.0	0.3
2015-07-22	2.813043	8	8.8	0.023125	22	0.024	0.2185065	1.0	1.1	0.3	3.0	0.3
2015-07-23	3.273913	5	5.9	0.0215	21	0.023	0.4743509999999999	3.0	2.6	0.304348	3.0	0.4
2015-07-24	4.069565	9	10.4	0.020958	22	0.024	0.3879869999999999	1.0	1.5	0.3362315	5.0	0.4
2015-07-25	2.6	5	5.6	0.017708	19	0.021	0.2636365	0.0	0.4	0.3596015	5.0	0.4
2015-07-26	3.243478	8	9.0	0.019625	21	0.023	0.2951295	0.0	0.5	0.3384055	5.0	0.4
2015-07-27	7.517391	12	13.3	0.02025	26	0.028	0.474026	0.0	0.9	0.4211955	6.0	0.5
2015-07-28	12.973913	22	23.7	0.016792	25	0.027	0.774351	3.0	2.5	0.461775	7.0	0.7
2015-07-29	5.378261	9	10.6	0.021708	25	0.027	0.374026	0.0	0.6	0.42346	6.0	0.5
2015-07-30	4.578261	8	8.7	0.025	28	0.03	0.383442	1.0	1.2	0.427627	6.0	0.5
2015-07-31	3.647826	5	5.9	0.023958	25	0.027	0.5905845	3.0	2.6	0.4339675	6.0	0.5
2015-08-01	3.169565	5	5.5	0.02525	26	0.028	0.9204545	6.0	4.1	0.4403985	6.0	0.5
2015-08-02	2.573913	6	6.1	0.020708	21	0.023	1.072078	7.0	5.1	0.4065215	5.0	0.5
2015-08-03	2.643478	8	8.1	0.023875	23	0.025	0.3951295	1.0	1.2	0.4	5.0	0.4
2015-08-04	3.656522	8	8.7	0.021583	23	0.025	0.592857	1.0	1.7	0.4065215	5.0	0.5
2015-08-05	5.530435	13	14.1	0.020833	28	0.03	0.5207795	3.0	2.8	0.4874094999999999	6.0	0.7
2015-08-06	6.273913	14	15.5	0.022458	24	0.026	0.2925325	0.0	0.5	0.4061595	6.0	0.5
2015-08-07	3.604348	6	6.1	0.027375	28	0.03	0.6883115	3.0	2.0	0.37029	5.0	0.4
2015-08-08	3.043478	6	6.3	0.018667	25	0.027	0.3325755	3.0	2.1	0.372192	5.0	0.4
2015-08-09	2.986957	5	5.4	0.016833	19	0.02	0.099675	0.0	0.2	0.3509965	5.0	0.4
2015-08-10	3.13913	8	8.5	0.018	19	0.021	0.337013	3.0	2.1	0.3638585	5.0	0.4
2015-08-11	4.904348	8	9.3	0.020125	23	0.025	0.152922	0.0	0.3	0.3852355	5.0	0.5
2015-08-12	6.0	14	15.8	0.014708	19	0.02	0.276299	0.0	0.6	0.3999095	6.0	0.7
2015-08-13	4.008696	8	9.6	0.020042	23	0.025	0.858117	4.0	3.8	0.4	5.0	0.4
2015-08-14	5.56087	14	15.3	0.015792	20	0.022	0.39026	1.0	1.9	0.432065	6.0	0.5
2015-08-15	7.465217	12	13.6	0.022667	35	0.038	0.5833335000000001	6.0	4.4	0.568297	7.0	0.7
2015-08-16	8.843478	16	17.9	0.036208	74	0.062	0.8883115	4.0	3.6	0.6211955	8.0	0.8
2015-08-17	7.373913	17	18.8	0.028083	31	0.033	0.299675	0.0	0.8	0.5744564999999999	7.0	0.6
2015-08-18	4.16087	8	8.9	0.036167	38	0.041	0.3298705	0.0	0.8	0.4421195	7.0	0.6
2015-08-19	3.917391	7	7.6	0.0335	32	0.035	0.774026	4.0	3.1	0.365942	5.0	0.4
2015-08-20	4.452174	7	7.9	0.030875	33	0.036	0.537013	1.0	1.0	0.3980074999999999	6.0	0.5
2015-08-21	3.326087	6	6.7	0.026708	26	0.028	0.301948	0.0	0.7	0.3700185	5.0	0.4
2015-08-22	3.173913	7	7.2	0.028417	28	0.03	0.47197	1.0	1.5	0.368116	5.0	0.5
2015-08-23	2.7	6	6.3	0.030292	31	0.033	0.5435065	3.0	2.2	0.359692	5.0	0.4
2015-08-24	5.834783	10	11.9	0.030625	34	0.037	0.5042205	1.0	1.7	0.4555249999999999	6.0	0.6
2015-08-25	5.626087	10	11.4	0.032833	36	0.039	0.508766	1.0	1.1	0.497826	6.0	0.6
2015-08-26	7.495833	15	16.5	0.023208	27	0.029	0.3875	0.0	0.8	0.4958335	6.0	0.6
2015-08-27	11.108696	17	18.4	0.015208	24	0.026	0.5626625	1.0	1.1	0.5317935	7.0	0.6
2015-08-28	9.447826	18	19.3	0.011042	18	0.019	0.599675	1.0	1.5	0.5637685	8.0	1.0
2015-08-29	3.630435	8	8.2	0.020167	25	0.027	0.6295455	3.0	2.2	0.5065215000000001	6.0	0.6
2015-08-30	1.765217	5	5.0	0.026167	28	0.03	0.3717535	0.0	0.9	0.4913045	6.0	0.5
2015-08-31	8.46087	16	17.5	0.024619	28	0.03	0.448701	1.0	1.0	0.559511	7.0	0.6
2015-09-01	4.110526	8	8.0	0.026368	26	0.028	0.4410525	1.0	1.1	0.364309	6.0	0.5
2015-09-02	3.965217	8	8.3	0.02525	25	0.027	0.899675	4.0	3.2	0.327627	5.0	0.4
2015-09-03	6.717391	20	21.4	0.024667	29	0.031	0.580844	1.0	1.2	0.3449275	5.0	0.5
2015-09-04	6.073913	17	18.0	0.022042	26	0.028	0.515909	1.0	1.0	0.3466485	5.0	0.5
2015-09-05	5.904348	13	14.3	0.022375	32	0.035	0.5651515	1.0	1.8	0.340489	5.0	0.6
2015-09-06	8.056522	15	16.3	0.021083	30	0.032	1.0301945	4.0	3.4	0.374366	5.0	0.5
2015-09-07	8.934783	21	22.8	0.032417	47	0.051	0.974026	3.0	2.1	0.3872285	6.0	0.7
2015-09-08	17.104348	42	44.2	0.033542	54	0.056	1.0626625	3.0	2.6	0.5024455	8.0	1.0
2015-09-09	14.421739	28	30.8	0.028958	50	0.054	0.93474	3.0	2.5	0.5378620000000001	8.0	1.0
2015-09-10	11.034783	19	20.5	0.019875	28	0.03	0.5766235	3.0	2.8	0.508424	7.0	0.7
2015-09-11	7.313043	13	14.4	0.022958	26	0.028	0.3857145	0.0	0.7	0.4809785	6.0	0.6
2015-09-12	5.865217	19	20.2	0.026417	27	0.029	0.4416665	1.0	1.0	0.5022645	7.0	0.8
2015-09-13	4.852174	8	9.6	0.021292	24	0.026	0.367208	0.0	0.6	0.4977355	7.0	0.6
2015-09-14	3.9	7	7.3	0.027625	27	0.029	1.4603895	6.0	4.4	0.433877	6.0	0.5
2015-09-15	3.452174	8	8.4	0.030125	32	0.035	0.5275974999999999	0.0	0.8	0.3615035	5.0	0.4
2015-09-16	9.156522	24	25.7	0.025583	31	0.033	0.5483764999999999	0.0	0.9	0.4450185	6.0	0.7
2015-09-17	8.973913	18	19.9	0.018042	30	0.032	0.6925325	1.0	1.7	0.408786	6.0	0.6
2015-09-18	11.269565	15	16.8	0.015292	25	0.027	0.7090909999999999	1.0	1.8	0.474275	7.0	1.0
2015-09-19	14.391304	32	34.8	0.027417	64	0.059	1.0166665	1.0	1.9	0.477174	8.0	1.1
2015-09-20	12.791304	33	35.5	0.039	74	0.062	0.9532465	3.0	2.0	0.4612315	8.0	0.8
2015-09-21	12.852174	33	35.4	0.031083	46	0.05	1.048701	6.0	4.3	0.4486415	7.0	1.0
2015-09-22	4.4	8	8.7	0.028292	30	0.032	0.2925325	0.0	0.6	0.3361415	5.0	0.4
2015-09-23	12.291304	25	27.5	0.019375	26	0.028	0.5717535	3.0	2.6	0.404529	6.0	0.6
2015-09-24	15.665217	25	27.7	0.018042	34	0.037	0.843831	3.0	2.1	0.5446555	8.0	1.3
2015-09-25	10.682609	19	20.5	0.018958	23	0.025	0.6577919999999999	1.0	1.1	0.5020835	7.0	0.7
2015-09-26	5.913043	11	12.5	0.024	26	0.028	0.312121	0.0	0.6	0.4635869999999999	6.0	0.5
2015-09-27	7.552174	12	13.9	0.022333	25	0.027	0.480844	0.0	0.7	0.4596015	6.0	0.6
2015-09-28	9.46087	26	28.3	0.027333	31	0.034	0.638961	1.0	1.0	0.5339674999999999	8.0	1.4
2015-09-29	6.043478	11	12.9	0.031375	33	0.036	0.4714285	0.0	0.8	0.3913044999999999	5.0	0.5
2015-09-30	17.943478	34	36.0	0.015167	19	0.02	0.843831	3.0	2.5	0.498188	7.0	0.7
2015-10-01	11.182609	25	26.4	0.015958	22	0.024	0.8766235	4.0	3.0	0.508424	8.0	0.9
2015-10-02	7.504348	13	14.2	0.020083	25	0.027	0.6019479999999999	3.0	2.0	0.4998185	7.0	0.8
2015-10-03	6.834783	17	18.0	0.028458	33	0.036	0.3507575	0.0	0.8	0.4402175	6.0	0.6
2015-10-04	7.386957	11	12.7	0.031833	36	0.039	0.6045455000000001	3.0	2.4	0.4192935	6.0	0.5
2015-10-05	7.052174	20	21.9	0.032083	36	0.039	0.4392855	0.0	0.6	0.438225	6.0	0.9
2015-10-06	9.552174	21	22.6	0.024	36	0.039	0.4555195	0.0	0.7	0.544837	8.0	1.2
2015-10-07	13.226087	24	25.3	0.021833	30	0.032	0.780844	1.0	1.6	0.5209239999999999	9.0	1.2
2015-10-08	14.247826	21	22.5	0.0215	31	0.034	0.9626625	3.0	2.6	0.41721	6.0	0.9
2015-10-09	14.217391	25	27.3	0.019292	31	0.034	0.766883	1.0	1.9	0.4531705	7.0	0.8
2015-10-10	7.921739	13	14.2	0.017208	22	0.024	0.4545455	0.0	0.7	0.3509055	5.0	0.4
2015-10-11	8.273913	12	13.2	0.017708	25	0.027	0.4646105	0.0	0.8	0.365942	5.0	0.5
2015-10-12	15.756522	28	30.3	0.017375	33	0.036	0.9857145	3.0	2.1	0.485326	7.0	0.8
2015-10-13	16.195652	27	29.1	0.028333	48	0.052	1.158117	4.0	3.1	0.5377715000000001	8.0	1.1
2015-10-14	12.182609	29	31.5	0.023917	32	0.035	0.6646105	1.0	1.3	0.510598	9.0	1.3
2015-10-15	9.634783	25	26.5	0.025208	27	0.029	0.5181819999999999	0.0	0.8	0.4063405	6.0	0.7
2015-10-16	7.686957	19	20.5	0.030292	34	0.037	0.525325	1.0	1.2	0.417029	6.0	0.7
2015-10-17	3.943478	8	8.7	0.037167	41	0.044	0.4075755	0.0	0.5	0.380797	5.0	0.6
2015-10-18	3.695652	14	15.1	0.033125	34	0.037	0.4857145	0.0	0.8	0.385326	5.0	0.6
2015-10-19	8.369565	21	22.5	0.019208	29	0.031	0.580844	0.0	0.9	0.525725	8.0	1.3
2015-10-20	11.017647	13	14.0	0.0115	18	0.019	0.534375	0.0	0.8	0.5130255	7.0	0.9
2015-10-21	11.768182	21	22.9	0.017833	27	0.029	0.9059525	4.0	3.5	0.568939	9.0	1.3
2015-10-22	13.573913	28	30.0	0.019292	27	0.029	0.844156	3.0	2.5	0.5597825000000001	7.0	1.2
2015-10-23	12.478261	25	26.1	0.019375	26	0.028	0.6717535	1.0	1.3	0.6147644999999999	9.0	1.3
2015-10-24	9.713043	17	18.6	0.022292	28	0.03	0.6674245	1.0	1.5	0.5530795	7.0	0.9
2015-10-25	10.221739	19	20.7	0.021833	30	0.032	0.592208	1.0	1.3	0.525725	7.0	0.7
2015-10-26	12.143478	22	23.0	0.01625	24	0.026	0.5974025	1.0	1.8	0.5571555	7.0	0.8
2015-10-27	15.473913	34	36.0	0.014875	19	0.021	0.643831	1.0	1.3	0.5636775	8.0	1.0
2015-10-28	12.508696	30	32.1	0.023375	31	0.033	0.6532465000000001	1.0	1.4	0.582699	9.0	1.0
2015-10-29	8.53913	25	27.5	0.023333	33	0.036	0.525325	0.0	0.9	0.4809785	7.0	1.0
2015-10-30	12.530435	18	19.8	0.017917	23	0.025	0.6623375	1.0	1.5	0.5615035	7.0	0.7
2015-10-31	12.130435	25	27.5	0.017875	23	0.025	0.7	1.0	1.3	0.67654	11.0	1.4
2015-11-01	5.917391	16	17.0	0.024833	30	0.032	0.4717535	0.0	0.7	0.5127714999999999	7.0	0.6
2015-11-02	7.621739	19	20.5	0.027042	30	0.032	0.5344154999999999	0.0	0.8	0.423098	6.0	0.6
2015-11-03	5.956522	21	22.8	0.024958	28	0.03	0.5577920000000001	0.0	0.8	0.2977355	5.0	0.6
2015-11-04	9.626087	27	29.2	0.021667	33	0.036	0.4694805	0.0	0.8	0.2959239999999999	5.0	0.6
2015-11-05	17.821739	28	30.3	0.00975	18	0.019	1.358117	7.0	5.0	0.523551	7.0	0.8
2015-11-06	15.343478	23	24.7	0.0135	25	0.027	0.8788965	1.0	1.6	0.5127714999999999	7.0	0.8
2015-11-07	15.282609	33	35.2	0.015625	28	0.03	1.535606	4.0	3.3	0.544837	8.0	0.9
2015-11-08	9.286957	20	21.6	0.025875	33	0.036	0.752922	1.0	1.2	0.4888585	8.0	0.7
2015-11-09	8.430435	15	16.4	0.032833	39	0.042	0.4204544999999999	0.0	0.9	0.4935685	6.0	0.6
2015-11-10	10.565217	26	28.4	0.0155	30	0.032	0.5136365	0.0	0.9	0.630163	9.0	1.3
2015-11-11	12.704348	26	28.7	0.012708	24	0.026	1.183766	3.0	2.6	0.6550725	9.0	0.9
2015-11-12	15.356522	30	32.1	0.010375	22	0.024	1.0928570000000002	3.0	2.5	0.683152	9.0	1.0
2015-11-13	16.117391	26	28.3	0.014167	27	0.029	0.937013	3.0	2.8	0.6999095	9.0	1.1
2015-11-14	14.86087	26	28.4	0.0235	31	0.034	1.1848485	7.0	5.0	0.6932065	9.0	0.9
2015-11-15	3.282609	9	10.4	0.037333	35	0.038	0.467208	0.0	0.7	0.4464675	7.0	0.6
2015-11-16	4.630435	10	11.1	0.030625	32	0.035	0.464935	0.0	0.6	0.3358695	5.0	0.5
2015-11-17	14.243478	28	30.6	0.014667	27	0.029	0.6623375	1.0	1.0	0.4539855	8.0	1.0
2015-11-18	16.704348	29	31.8	0.009458	22	0.024	0.8298705	1.0	1.5	0.5572465	8.0	1.0
2015-11-19	15.047826	35	37.7	0.011	26	0.028	0.615909	1.0	1.1	0.5277175000000001	8.0	0.9
2015-11-20	15.256522	25	27.5	0.009833	21	0.023	0.9324675	3.0	2.9	0.5294380000000001	8.0	1.1
2015-11-21	14.117391	29	31.0	0.013917	28	0.03	0.7522725	1.0	1.3	0.5067935	8.0	1.0
2015-11-22	12.53913	22	23.3	0.020458	32	0.035	1.250974	3.0	2.6	0.497645	8.0	0.7
2015-11-23	15.186957	32	34.8	0.018167	24	0.026	0.738961	1.0	1.0	0.576449	8.0	1.0
2015-11-24	10.982609	26	28.6	0.02475	32	0.035	0.552922	1.0	1.0	0.414674	7.0	0.7
2015-11-25	12.721739	29	31.4	0.015083	27	0.029	0.641234	1.0	1.1	0.51096	8.0	1.2
2015-11-26	7.547826	12	13.6	0.024042	29	0.031	0.6762990000000001	1.0	1.6	0.448551	8.0	0.7
2015-11-27	9.208696	28	30.3	0.021708	30	0.032	0.343831	0.0	0.7	0.4600545	9.0	1.1
2015-11-28	8.83913	25	27.2	0.024208	30	0.032	0.5787880000000001	0.0	0.9	0.4700185	9.0	0.8
2015-11-29	10.652174	23	24.5	0.024	30	0.032	0.8694804999999999	1.0	1.4	0.519203	8.0	0.9
2015-11-30	14.022727	27	29.8	0.018625	21	0.023	1.4166664999999998	3.0	2.1	0.569318	8.0	0.8
2015-12-01	16.926087	27	29.8	0.015583	26	0.028	0.748701	1.0	1.4	0.4466485	7.0	1.0
2015-12-02	17.182609	25	26.9	0.01525	22	0.024	1.0155845	3.0	2.4	0.3511775	6.0	0.5
2015-12-03	18.03913	34	36.7	0.017875	30	0.032	0.376299	1.0	1.0	0.4508149999999999	8.0	1.1
2015-12-04	21.226087	33	35.0	0.006333	14	0.015	0.6227275	1.0	1.3	0.5854165	9.0	1.3
2015-12-05	14.856522	23	24.4	0.008667	15	0.016	0.8401515	3.0	2.3	0.5369565000000001	10.0	1.1
2015-12-06	15.973913	27	29.5	0.015333	28	0.03	0.5298705	0.0	0.9	0.5461050000000001	11.0	1.0
2015-12-07	16.413043	29	31.7	0.0065	16	0.017	0.8392854999999999	1.0	1.0	0.5278985	9.0	1.0
2015-12-08	22.808696	32	34.1	0.001125	3	0.003	0.943182	1.0	1.9	0.7978259999999999	11.0	1.4
2015-12-09	18.456522	25	26.5	0.012167	26	0.028	0.950974	6.0	4.1	0.5971015	9.0	1.0
2015-12-10	9.1	22	23.7	0.030333	32	0.035	0.4019479999999999	1.0	1.0	0.3469204999999999	5.0	0.6
2015-12-11	9.513043	26	28.8	0.026583	31	0.034	0.250974	0.0	0.4	0.3851449999999999	6.0	0.7
2015-12-12	10.117391	19	20.5	0.022625	25	0.027	0.3840909999999999	0.0	0.9	0.4574275	7.0	1.3
2015-12-13	3.178261	8	9.9	0.035	36	0.039	0.2392854999999999	0.0	0.7	0.355163	5.0	0.5
2015-12-14	3.743478	6	6.8	0.029625	30	0.032	0.250649	0.0	0.6	0.312953	5.0	0.4
2015-12-15	11.513043	28	30.5	0.015583	29	0.031	0.299675	0.0	0.7	0.4960145	7.0	0.9
2015-12-16	16.4	22	23.0	0.008417	17	0.018	0.8694804999999999	1.0	1.8	0.5701084999999999	8.0	1.0
2015-12-17	22.595652	32	34.2	0.006583	16	0.017	0.741883	1.0	1.7	0.749185	11.0	1.6
2015-12-18	14.669565	26	28.2	0.020292	28	0.03	0.5642855	1.0	1.5	0.656975	9.0	0.9
2015-12-19	10.821739	22	23.9	0.016833	28	0.03	1.15303	3.0	2.1	0.5988225	10.0	1.4
2015-12-20	10.126087	15	16.7	0.021583	25	0.027	0.9133115	1.0	1.6	0.6480075000000001	11.0	1.0
2015-12-21	7.730435	16	17.7	0.026167	28	0.03	0.6623375	0.0	0.9	0.516848	7.0	0.6
2015-12-22	3.152174	8	8.4	0.034083	35	0.038	1.018182	3.0	2.1	0.4063405	6.0	0.5
2015-12-23	4.473913	18	19.4	0.027833	31	0.034	0.9951295	1.0	1.6	0.4278079999999999	6.0	0.8
2015-12-24	6.952174	22	23.3	0.025958	32	0.035	1.0136365	1.0	1.9	0.4299815	6.0	0.8
2015-12-25	13.408696	25	26.8	0.013667	27	0.029	1.1204545	1.0	1.8	0.657699	9.0	1.1
2015-12-26	12.456522	25	27.0	0.014667	28	0.03	1.2242425	3.0	2.3	0.5872284999999999	9.0	1.0
2015-12-27	13.552174	18	19.8	0.010417	14	0.015	1.458117	4.0	3.8	0.638134	9.0	0.8
2015-12-28	12.273913	24	25.8	0.013833	22	0.024	0.838961	3.0	2.5	0.538134	8.0	1.1
2015-12-29	14.369565	29	31.1	0.009875	22	0.024	0.599675	1.0	1.7	0.440308	8.0	1.0
2015-12-30	14.086957	18	19.8	0.00825	14	0.015	0.7714285	1.0	1.4	0.497464	8.0	0.8
